Canada, 1001110000,- - Para siembra,0,1522589,7708442,3710631,6131518,5557721,3655826.3,4966015.5,3305179.8,0,911360,141181.23,0,21282.949,0,0,0,0,0,0,0,0,0,
Canada, 1001190000,- - Los demás,0,0,0,0,0,0,0,0,0,0,0,0,0,0,0,0,0,0,0,0,1012804.7,0,5700915,
Canada, 1001990000,- - Los demás,958465,0,0,0,0,0,0,0,0,0,0,201.12,0,271.07001,0,0,0,0,0,0,0,0,54240.531,
Canada, 1004900000,- Los demás,0,0,0,0,0,0,0,0,3666.03,9411.5596,7992.5601,13715.86,20459.98,37538.52,105937.12,42154.211,16787.301,5040,31978.801,14900,16306.08,0,0,
Canada, 1005901000,- - Maíz tipo "pop" (Zea mays everta),0,0,0,0,0,0,57.630001,259.25,815.65002,0,0,0,0,0,0,0,0,0,24.85,0,0,0,0,
Canada, 1005902000,- - Maíz amarillo,0,0,2397,0,0,0,0,0,0,0,0,0,0,0,0,0,0,0,0,0,0,0,0,
Canada, 1005903000,- - Maíz blanco,0,0,0,0,0,0,0,0,0,0,164.16,0,0,0,0,0,0,0,0,0,0,0,0,
Canada, 1005909000,- - Otros,0,0,0,0,0,0,0,0,0,0,0,0,0,0,0,825.98999,0,0,0,0,0,0,0,
Canada, 1006109000,- - Otros,0,0,0,0,0,0,0,0,0,0,0,0,0,0,0,0,3769.4199,196.49001,634.39001,0,0,0,0,
Canada, 1006309000,- - Otros,0,0,0,0,0,0,0,0,0,0,18.98,0,0,0,0,0,0,374.37,252.55,0,0,0,32.52,
Canada, 1008210000,- - Para siembra,0,0,0,0,0,0,0,0,0,0,0,5896.7998,0,0,0,0,0,0,0,0,0,0,0,
Canada, 1008290000,- - Los demás,0,0,0,0,0,0,0,0,10392.3,9394.6201,15972.69,33547.871,42402.641,64915.461,113926.71,52748.91,5534.79,4960,56471.219,0,0,0,0,
Canada, 1008300000,- Alpiste,0,0,0,0,0,0,0,5653.8198,27274.711,32711.49,56386.781,105830.74,152880.3,269822.06,338431.78,320989.91,307238.91,415596.22,185664.78,305705.22,178104.17,140892.08,95477.094,
Canada, 1008900000,- Los demás cereales,0,0,0,0,0,0,33387.441,72746.398,8711.3896,0,594.32001,114.58,270.88,0,0,0,0,0,0,0,0,55.73,0,
Estados Unidos (U.S.A.), 1001110000,- - Para siembra,3.5260812E+7,3.1167606E+7,3.4280276E+7,2.9859576E+7,3.0049832E+7,2.668636E+7,3.1644766E+7,2.9419244E+7,3.7496732E+7,4.4507112E+7,5.415808E+7,4.6283716E+7,4.9482552E+7,6.0093932E+7,9.5495984E+7,6.835236E+7,6.3538464E+7,8.9319432E+7,2470146,0,0,0,0,
Estados Unidos (U.S.A.), 1001190000,- - Los demás,0,0,0,0,0,0,0,0,0,0,0,0,0,0,0,0,0,0,9.665872E+7,4.9706132E+7,4071989.3,9319971,1.2640056E+7,
Estados Unidos (U.S.A.), 1001990000,- - Los demás,860160,0,0,802.19,546.13,394.92001,374682.91,1513986.3,421.98999,25981.199,10007.88,27447.27,60.080002,0,302.47,108.73,191.69,149.89,1236376.4,3.2213372E+7,7.9755928E+7,6.8494792E+7,4.7519524E+7,
Estados Unidos (U.S.A.), 1003900000,- Los demás,0,0,68.110001,0,13.23,0,0,0,0,0,0,0,0,0,0,0,62.68,0,0,0,0,0,0,
Estados Unidos (U.S.A.), 1004900000,- Los demás,533.27002,0,0,0,0,0,0,2.22,10,0,2978.1101,0,157.17999,28320.74,12576.6,134.50999,186,738.35999,67.150002,4.1799998,0,0,0,
Estados Unidos (U.S.A.), 1005100000,- Para siembra,499,2619,2553,15844.73,17751.939,7564.3901,4019.76,11929.59,7812.1699,6141.0801,63211.691,380.66,32000,195186.98,711937.5,1438047.4,946621.94,912944.94,1533167.8,537918.56,659007.69,1558567.9,226786.23,
Estados Unidos (U.S.A.), 1005901000,- - Maíz tipo "pop" (Zea mays everta),0,311335.34,445710,480803.63,522891.5,897296.31,365346.5,609199.75,651431.88,547781.44,444299.63,499795.88,690042.75,497629.16,654936.69,571678.75,455921.5,537969.75,315110.97,429193.13,178870.02,283165.81,433642.16,
Estados Unidos (U.S.A.), 1005902000,- - Maíz amarillo,1.4249729E+7,2.115689E+7,2.8954652E+7,3.3320658E+7,2.0327724E+7,3.153915E+7,3.7089648E+7,4.0921276E+7,4.1836296E+7,4.88544E+7,5.4144692E+7,5.0235812E+7,6.7452904E+7,8.4623032E+7,1.1074169E+8,7.4469904E+7,7.9539736E+7,1.2214469E+8,6.6858612E+7,5.3826656E+7,8.993012E+7,8.8933144E+7,1.008481E+8,
Estados Unidos (U.S.A.), 1005903000,- - Maíz blanco,6446010,890519,2396276,8005338,1967995,5422654.5,6955272.5,1.1328165E+7,4687124,643971.5,7738733.5,1.0179584E+7,1.4499722E+7,1.5681021E+7,4.1089608E+7,2.7842122E+7,1.6070655E+7,5.9062172E+7,2.0057192E+7,6982286,1.3003852E+7,2.2374454E+7,4.1121768E+7,
Estados Unidos (U.S.A.), 1005909000,- - Otros,0,0,27.950001,2285.0901,7588.5,59.950001,18669.859,5687.5498,1288.65,9592.5195,96334.109,119434.29,14.64,6016.6499,19390.23,16388.9,6975.3101,759.15997,11.76,0,1920.96,5.1799998,0,
Estados Unidos (U.S.A.), 1006101000,- - Para siembra,0,0,20021,22480,20835,80596,0,0,0,0,0,0,0,133785.06,0,0,0,0,0,0,0,0,0,
Estados Unidos (U.S.A.), 1006109000,- - Otros,4204434,5115419,5292632,8234344.5,1.0132549E+7,7383113.5,8158676.5,1.0064849E+7,9738396,1.3356672E+7,1.5463955E+7,1.9085534E+7,1.9958714E+7,2.11086E+7,3.0898528E+7,2.6356632E+7,2.331463E+7,2.7232264E+7,2.6484094E+7,3.4486852E+7,3.2364834E+7,2.2359438E+7,2.312424E+7,
Estados Unidos (U.S.A.), 1006200000,- Arroz descascarillado (arroz cargo o arroz pardo),1934151,650197.75,1338978.8,51980.32,54440.879,50199.141,14.51,338372.22,6112.7202,3323.6299,5831.8198,2580.8899,855.69,922,1055.89,872.12,775391.81,7319.7998,5292.6201,2098862.8,1638.91,5874.4902,4.0100002,
Estados Unidos (U.S.A.), 1006301000,- - Grano tamaño medio fraccionado en uno de sus extremos, con rango de contenido de grasa de 0.60% a 0.75% destinado al proceso de insuflado y envasado en sacos de 50 kg, debidamente identificados,0,0,0,0,0,0,0,0,0,0,0,0,0,0,0,0,0,3.45,108.88,0,0,4968.3301,0,
Estados Unidos (U.S.A.), 1006309000,- - Otros,825145,370907.84,1776700.9,42554.648,1603549,592628.38,1300474.4,771464.75,6498.3799,417718.66,7387.0898,403069.94,1044750.3,4788446,8109777,5116729,4238681.5,3794107.3,5015283,2328623.3,3564162.3,2541434.8,1060953.6,
Estados Unidos (U.S.A.), 1006400000,- Arroz partido,0,1142.11,105932.17,6475.0698,98.489998,1515.01,4082.01,0,1590.4,0,56.25,49.279999,1038721,0,0,1344647.8,375412.25,0,15.79,1193710.3,0,14.95,5.9299998,
Estados Unidos (U.S.A.), 1007100000,- Para siembra,57490.82,54017,75441.773,53657.238,29835.061,8123.6099,4706,29491.93,16896,9076.7803,11369.48,65384.641,52912.301,63633.879,175359.7,123779.9,255,29849.73,151.16,212.16,257.60999,0,0,
Estados Unidos (U.S.A.), 1007900000,- Los demás,0,0,1305669,0,0,0,0,0,0,44527.211,37389.828,0,0,0,0,0,0,0,0,0,0,0,0,
Estados Unidos (U.S.A.), 1008210000,- - Para siembra,0,0,0,0,0,0,0,0,0,173.81,181.03,0,0,0,0,0,0,0,0,0,0,0,0,
Estados Unidos (U.S.A.), 1008290000,- - Los demás,1074,0,0,161.02,0,432.23001,116.96,0,0,0,487.98999,0,0,0,7858.9399,94518.594,191867.3,296176,340603.88,55023.602,129554.09,139911.41,108480.71,
Estados Unidos (U.S.A.), 1008300000,- Alpiste,0,0,0,329.25,21.290001,0,74,0,0,0,13023.4,0,0,0,0,0,0,0,0,3.99,0.95999998,0,33.830002,
Estados Unidos (U.S.A.), 1008500000,- Quinua (quinoa) (Chenopodium quinoa),0,0,0,0,0,0,0,0,0,0,0,0,0,0,0,0,0,0,0,0,40.82,26661.449,24184.5,
Estados Unidos (U.S.A.), 1008900000,- Los demás cereales,0,0,0,0,438.14999,325.75,918645.38,366217.59,18561.869,791.94,8863.1699,85.419998,30.9,101.05,0,1000,0,667.79999,231.2,290.76001,195.44,5439.3901,48.549999,
Mexico, 1005100000,- Para siembra,5105,0,88043,121370,0,148312,45574.809,149521.03,34122.68,174288.91,67327.859,289446.34,514593.47,408249.97,643711.81,2463750.8,1340644,4053796.8,4904064,2411340.8,1790592.1,2421964.5,2885100.5,
Mexico, 1005901000,- - Maíz tipo "pop" (Zea mays everta),0,0,0,3198.0601,5715.3701,444.06,254.59,302.87,0,0,0,0,6918.2598,0,0,0,0,0,0,0,0,16685.1,0,
Mexico, 1005903000,- - Maíz blanco,0,0,0,1502962.5,867459,0,3282.78,0,0,0,0,998620.63,2312705,2.9258616E+7,4684089,3806241.3,1.1939377E+7,8021630,9975372,6314049,0,6439079,2342567.5,
Mexico, 1005909000,- - Otros,0,0,0,0,0,0,0,0,52.130001,0,51.639999,0,0,0,0,0,103.5,0,0,0,0,0,0,
Mexico, 1006109000,- - Otros,0,0,0,0,0,0,0,66360,0,0,0,0,0,0,0,0,0,0,0,0,0,54.060001,0,
Mexico, 1006309000,- - Otros,8174.5298,0,4688.6602,1061.6899,0,0,0,4632,0,0,0,0,0,0,0,0,0,0,0,0,0,83.150002,151.00999,
Mexico, 1006400000,- Arroz partido,0,0,0,0,0,0,0,0,5762.9399,9781.4404,1769.25,0,0,0,0,0,0,0,0,0,0,0,0,
Mexico, 1007100000,- Para siembra,0,0,0,0,23221,0,0,0,5891.9199,0,17035,61.32,911.71002,673.09998,0,115.83,94.43,0,57.200001,0,0,0,0,
Mexico, 1007900000,- Los demás,0,0,0,0,0,0,0,0,0,0,56.619999,0,56.02,0,0,0,0,0,0,0,0,0,0,
Mexico, 1008300000,- Alpiste,0,0,0,0,0,0,0,0,4.6799998,0,0,0,0,0,0,0,0,0,0,0,0,0,0,
Mexico, 1008900000,- Los demás cereales,0,0,0,0,0,0,0,0,94.019997,0,0,0,0,0,0,2532.5901,0,0,0,0,0,0,0,
Belice, 1005902000,- - Maíz amarillo,0,0,64726,184781.77,0,0,0,0,0,0,0,0,0,0,0,0,6060.79,0,56,0,0,0,0,
Belice, 1007900000,- Los demás,0,0,4044,0,0,0,0,0,0,0,0,0,0,0,0,0,0,0,0,0,0,0,0,
Guatemala, 1001110000,- - Para siembra,0,385,0,0,0,122.91,19810.24,6268.2798,1204.41,0,5217.23,2332.73,3798.27,2394.74,3778.4099,2707.5801,3475.1699,1205.37,0,0,0,0,0,
Guatemala, 1001190000,- - Los demás,0,0,0,0,0,0,0,0,0,0,0,0,0,0,0,0,0,0,469.04999,2809.01,1421.73,677.59998,298.09,
Guatemala, 1001990000,- - Los demás,0,0,0,0,0,0,0,2679.1499,0,0,5041.3799,786.81,283.69,1231.25,0,0,0,14.12,0,0,0,0,23.440001,
Guatemala, 1003900000,- Los demás,344,0,417.42999,0,0,375.84,1249.09,6482.4702,3658.75,1955.85,2368.98,2875.3701,2480.51,1424.3101,954.64001,1892.96,7464.4902,1376.21,2643.6399,3382.55,1256.6801,1729.23,1028.52,
Guatemala, 1004900000,- Los demás,4070,2704,412,3706,0,2400,365,0,22500.789,50232.309,36047.98,43911.461,37472.961,29829.199,33744.93,41205.379,33070.262,29617.529,4041.75,20766.859,2827.05,0,150.19,
Guatemala, 1005100000,- Para siembra,192322.52,341285.66,749940,1302565,1487913,1775624,1955143.1,1007338.3,2230886.5,2095643.4,496443.94,2195342.5,2756662.5,3807812.3,6933546,4098641.5,5748028.5,2471977.3,1323935,391210.06,412216.44,667689.38,159043.08,
Guatemala, 1005901000,- - Maíz tipo "pop" (Zea mays everta),0,0,0,0,0,0,19949.461,135.19,829.47998,470.82001,79.07,2682.0801,0,0,0,0,0,0,0,0,0,0,0,
Guatemala, 1005902000,- - Maíz amarillo,492001,230612,53931,0,0,0,3204,0,0,3519.0901,1340.05,2056,0,110.93,430.47,597512.19,152434.52,3704.6201,84.5,7105.7402,7316,36286.172,1512806.9,
Guatemala, 1005903000,- - Maíz blanco,86600,559141.75,1016864.8,6742836,1429424.6,9502522,453538.28,530628,367190.47,46.529999,100218.1,147232.66,8202.2002,1334836.8,3425265.5,168908.06,522687.94,3937925.3,2159346.5,2278275,413828.28,1986309.6,161021.2,
Guatemala, 1005909000,- - Otros,6000,1000,0,3467,8460,11016.23,50951.449,26491.539,0,0,79.870003,6138.9502,9114.6699,33.369999,32943.82,28760.17,39149.711,25389.23,6225.5098,4077.6599,58806.789,19138.961,93555.453,
Guatemala, 1006101000,- - Para siembra,0,0,0,0,0,0,0,0,0,0,0,0,0,0,2000,0,0,0,0,0,599.15002,0,0,
Guatemala, 1006109000,- - Otros,0,0,1185.59,33296,0,0,30,127.49,0,0,296039.75,291452.03,26288.711,60032.852,231148,344790.34,13.44,63220,69400,5000,0,0,0,
Guatemala, 1006200000,- Arroz descascarillado (arroz cargo o arroz pardo),181562.36,292438.78,260129.88,172536.19,37941.371,294294.38,0,0,0,100808.53,396.38,46851.84,6420,0,553,320.16,390.94,0,0,0,0,0,0,
Guatemala, 1006301000,- - Grano tamaño medio fraccionado en uno de sus extremos, con rango de contenido de grasa de 0.60% a 0.75% destinado al proceso de insuflado y envasado en sacos de 50 kg, debidamente identificados,0,0,0,0,0,0,0,0,0,32995.25,0,0,0,0,0,125.71,0,0,0,0,0,0,0,
Guatemala, 1006309000,- - Otros,715296,885467.06,1274073.1,1275225.9,857621.63,109287,47454.609,356174.19,319094.69,279059.78,94326.172,324612.25,832603.44,98674.711,66953.953,79445.93,14553.71,13946.29,800332.56,18739.051,8055.1499,17419.75,45232.449,
Guatemala, 1006400000,- Arroz partido,0,0,4205,0,0,0,0,687.47998,0,35083.801,0,291819.72,784258.38,1167312.3,1140082.5,1532165.8,213601.13,9500,160556.27,0,0,0,0,
Guatemala, 1007100000,- Para siembra,89477,121985,44818.18,32536,7392,7077,16408.1,240.69,0,0,30921.471,9100,0,26.01,37.380001,0,0,6841.4502,1078.3101,990.15002,0,102.05,59.700001,
Guatemala, 1007900000,- Los demás,5134,1354040.1,135234.55,164875,1650,20497.25,104740.18,65989.367,0,0,0,58263.02,10909.33,5951.46,51042.57,16503.41,0,2450.98,2257.0601,53.52,0,60169.5,0,
Guatemala, 1008210000,- - Para siembra,0,0,0,0,0,0,0,0,0,0,0,0,0,3710.3899,14415.21,765.90002,0,0,0,0,0,0,0,
Guatemala, 1008290000,- - Los demás,0,0,0,0,0,0,7250,0,1644.27,0,1345.3,3772.71,29729.699,21234.57,22584.41,12094.59,66.75,11.68,0,1112.49,0,1843.3199,3138.73,
Guatemala, 1008300000,- Alpiste,0,0,0,879.33002,0,0,298.09,29417.26,62772.25,4804.7998,27803.85,77837.398,54924.012,64786.828,77449.797,30328.33,76253.891,19158.41,13169.71,12662.34,8747.1396,4417.79,8221.54,
Guatemala, 1008900000,- Los demás cereales,0,0,0,0,1885,4392.2402,16210.22,2037.3101,924.53998,23588.891,5423.0898,17868.221,15470.61,21238.381,40544.578,38468.801,40360.52,81037.031,55837.359,7909.8799,0,70.089996,0,
Honduras, 1001110000,- - Para siembra,0,0,0,0,0,0,606.59998,17035.35,0,0,19002.49,0,0,0,0,0,0,0,0,0,0,0,0,
Honduras, 1001990000,- - Los demás,0,0,0,0,0,0,0,293.19,0,0,6551.2798,1617.6,0,0,0,0,0,0,0,0,0,0,0,
Honduras, 1004900000,- Los demás,6141,0,0,0,0,0,0,0,0,0,0,0,0,0,0,0,0,1,0,0,0,0,0,
Honduras, 1005100000,- Para siembra,0,0,24481,0,0,0,0,373456.97,0,0,48228.75,0,0,0,2028.52,0,610.37,0,0,0,0,0,0,
Honduras, 1005901000,- - Maíz tipo "pop" (Zea mays everta),0,0,0,0,0,0,2729.7,0,0,0,0,0,0,0,0,0,0,0,0,0,0,0,0,
Honduras, 1005902000,- - Maíz amarillo,2598,0,0,0,0,0,387.37,0,0,10918.8,0,0,0,0,0,0,7286.8901,319853.56,1889.77,0,0,0,0,
Honduras, 1005903000,- - Maíz blanco,121107,39061,1352884.5,134060.69,457810.94,4900.04,0,17700.359,0,1128450,1910323,336031,0,47661.66,724212.19,0,125179.58,2808924.8,1235567.1,905888.06,113605.12,20374.211,0,
Honduras, 1005909000,- - Otros,1200,0,0,0,0,0,0,167.89999,0,0,35991.602,0,4248.75,21590.939,0,24.459999,0,2986.53,2135.8799,254.22,111.81,0,0,
Honduras, 1006101000,- - Para siembra,0,0,0,0,0,0,41,0,0,1415.4,0,0,0,0,0,0,0,0,0,0,0,0,0,
Honduras, 1006109000,- - Otros,0,1928,21471.23,123408.99,0,0,14654.78,20757.119,7380.2998,103852.23,0,0,0,0,0,11.12,0,0,0,0,0,6.7199998,0,
Honduras, 1006200000,- Arroz descascarillado (arroz cargo o arroz pardo),0,0,53032.02,0,0,0,0,0,0,0,0,0,0,0,0,0,0,0,0,0,0,0,0,
Honduras, 1006301000,- - Grano tamaño medio fraccionado en uno de sus extremos, con rango de contenido de grasa de 0.60% a 0.75% destinado al proceso de insuflado y envasado en sacos de 50 kg, debidamente identificados,0,0,0,0,0,0,0,0,0,1314.3,0,0,0,0,0,0,0,0,0,0,0,0,0,
Honduras, 1006309000,- - Otros,0,0,13219.99,0,0,0,0,5055,0,1620,0,0,0,0,0,33150,40450,15841.13,0,0,0,0,0,
Honduras, 1006400000,- Arroz partido,0,0,76144.117,6200.2202,0,0,51417.449,108330.03,383119.66,248492.81,214566.3,49501.102,0,0,21.129999,201002.48,912751.94,1251912.3,1668212,1077206.9,216676.84,1109175.6,857832.75,
Honduras, 1007100000,- Para siembra,0,0,0,0,0,0,2289.8899,9187.7002,0,0,0,0,0,0,0,0,0,0,0,0,0,0,0,
Honduras, 1007900000,- Los demás,0,4493.2998,749695.25,48353.609,0,1704.92,6818.5298,0,0,7885.7998,0,0,8087.75,0,12901.67,0,27.18,45788.262,29410.25,3.3399999,0,0,0,
Honduras, 1008210000,- - Para siembra,0,0,0,0,0,0,0,0,0,0,0,0,0,0,0,0,0,0,70.25,0,0,0,0,
Honduras, 1008290000,- - Los demás,0,0,0,0,0,0,576.92999,0,0,3538.5,0,0,0,0,0,0,0,14688.58,631.82001,3021.45,590.91998,0,0,
Honduras, 1008400000,- Fonio (Digitaria spp.),0,0,0,0,0,0,0,0,0,0,0,0,0,0,0,0,0,0,2373.3799,0,0,0,0,
Honduras, 1008900000,- Los demás cereales,0,0,0,0,0,0,0,782.14001,2603.51,0,1617.6,1617.6,0,204.23,594.96997,0,400.5,0,25241.961,0,1437.35,160.56,0,
Nicaragua, 1001110000,- - Para siembra,2622.3,0,0,4800,0,0,0,34511.5,0,0,0,0,7573.2402,3799.99,10115.29,1949.24,2120.5601,27533.48,0,0,0,0,0,
Nicaragua, 1001190000,- - Los demás,0,0,0,0,0,0,0,0,0,0,0,0,0,0,0,0,0,0,13418.67,4845,5256.1499,869.69,0,
Nicaragua, 1001990000,- - Los demás,0,0,0,0,0,0,0,0,0,0,2730.6201,0,0,0,0,0,0,0,0,0,0,0,0,
Nicaragua, 1003900000,- Los demás,0,0,0,0,0,0,18.360001,0,0,0,0,0,0,0,0,0,0,0,0,0,0,0,0,
Nicaragua, 1004900000,- Los demás,0,0,0,0,0,0,18.360001,0,0,0,0,0,0,0,1424.63,0,0,0,0,0,0,0,0,
Nicaragua, 1005100000,- Para siembra,257,0,0,0,0,0,0,0,0,0,0,37051.199,0,0,0,0,0,0,0,0,0,0,0,
Nicaragua, 1005901000,- - Maíz tipo "pop" (Zea mays everta),0,0,0,0,0,393.88,0,0,0,0,0,0,0,0,0,0,0,12881,0,0,0,0,0,
Nicaragua, 1005902000,- - Maíz amarillo,0,0,0,0,0,0,0,0,0,0,0,0,0,0,0,0,0,0,329.60999,0,0,0,0,
Nicaragua, 1005903000,- - Maíz blanco,664816.88,9800,130168.28,536322.56,78477.992,14278.83,0,60306.449,0,26215.83,119228.89,0,8800,593453.81,315098.97,0,163088.28,4854923,2532012.8,0,554220.31,687416.25,18644.34,
Nicaragua, 1005909000,- - Otros,3700,0,0,29600,0,0,0,0,0,0,0,0,4000.5701,1606.54,0,0,272.17001,0,4596,5028.4302,0,7068.8501,7183.3901,
Nicaragua, 1006109000,- - Otros,5700,4300,55466.488,141055,0,0,2982.46,16950,0,4378.9199,7992.98,0,0,0,0,0,0,0,0,34413.262,0,0,26.85,
Nicaragua, 1006200000,- Arroz descascarillado (arroz cargo o arroz pardo),29925,0,27925.869,438779,0,0,2308,0,0,0,0,0,0,0,0,0,0,0,13609.55,0,0,0,0,
Nicaragua, 1006309000,- - Otros,0,0,118435.26,669124.81,0,0,0,0,0,1261.77,3538.5,0,0,0,0,0,349506.88,0,0,0,0,0,0,
Nicaragua, 1006400000,- Arroz partido,6730,0,90922.648,14150,0,2856,25176.221,3437.3999,91299.492,101821.6,113031.44,18129.42,0,0,0,374280.47,1312557.1,1409798,2178768.3,1929676.6,3981228.5,2279942.3,3418568.3,
Nicaragua, 1007100000,- Para siembra,0,0,0,0,0,0,0,0,0,0,0,0,0,0,0,0,0,8640,0,0,910,0,0,
Nicaragua, 1007900000,- Los demás,3133253,6796.3501,202714,738247.13,0,0,0,7426.8101,0,0,0,0,81308.477,0,411134.09,13820,4993.1602,1975210.1,372355.47,0,0,57427.512,38902.141,
Nicaragua, 1008100000,- Alforfón,35137,0,0,0,0,0,0,0,0,0,0,0,0,0,0,0,0,0,0,0,0,0,0,
Nicaragua, 1008900000,- Los demás cereales,28750,0,0,0,0,0,18.360001,0,0,0,0,0,0,9858.4297,0,362.42001,0,0,0,0,0,0,0,
Costa Rica, 1001110000,- - Para siembra,0,0,0,0,0,279.98001,0,0,0,0,0,0,0,0,0,0,0,0,0,0,0,0,0,
Costa Rica, 1003900000,- Los demás,0,0,0,0,0,0,0,0,0,0,0,0,0.74000001,0,0,0,0,0,0,0,0,0,0,
Costa Rica, 1004900000,- Los demás,0,0,0,0,0,0,0,0,0,1493.88,0,0,0,0,0,0,0,0,0,0,0,0,0,
Costa Rica, 1005100000,- Para siembra,0,0,0,0,0,0,0,0,0,0,0,0,0,0,0,0,0,0,120.3,40.150002,0,0,0,
Costa Rica, 1005901000,- - Maíz tipo "pop" (Zea mays everta),0,0,0,0,0,0,0,10.15,0,0,0,0,0,0,0,0,0,0,0,0,0,0,0,
Costa Rica, 1005903000,- - Maíz blanco,0,0,0,0,0,0,0,0,0,0,0,0,0,54562.5,0,0,0,12096.86,0,0,0,0,0,
Costa Rica, 1005909000,- - Otros,0,0,0,0,0,0,0,0,0,0,0,0,0,88.690002,0,0,0,0,0,0,0,0,0,
Costa Rica, 1006101000,- - Para siembra,36,0,0,0,0,0,3050,0,0,0,0,0,0,0,0,0,0,0,0,0,0,228.03,0,
Costa Rica, 1006109000,- - Otros,0,0,0,0,0,0,3083,0,0,38798.551,6905.1299,0,0,0,0,106.09,0,0,0,0,0,0,0,
Costa Rica, 1006200000,- Arroz descascarillado (arroz cargo o arroz pardo),0,0,0,0,0,0,0,0,0,0,0,0,0,0,0,0,0,0,13609.55,0,0,0,0,
Costa Rica, 1006301000,- - Grano tamaño medio fraccionado en uno de sus extremos, con rango de contenido de grasa de 0.60% a 0.75% destinado al proceso de insuflado y envasado en sacos de 50 kg, debidamente identificados,0,0,0,0,0,0,0,0,0,0,0,0,0,0,0,0,0,0,0,0,0,0,23803.109,
Costa Rica, 1006309000,- - Otros,0,0,22500,11750,0,17348,0,0,0,0,0,0,0,3795.49,0,0,101.02,0,37362.672,0,0,0,0,
Costa Rica, 1006400000,- Arroz partido,0,0,149982,86980,35740,13925,256238.27,31846.5,57747.898,167414.66,257509.77,38880,0,0,0,108968.08,683096.69,1003581.7,483966.38,1114674.3,1548600.5,1112302,1478580.3,
Costa Rica, 1007100000,- Para siembra,0,0,0,0,0,0,2524.3799,0,0,0,0,0,0,0,0,0,0,0,0,0,0,0,0,
Costa Rica, 1007900000,- Los demás,0,0,0,0,0,0,0,0,0,5156.1001,0,0,0,0,5660.48,0,0,0,0,0,0,0,0,
Costa Rica, 1008500000,- Quinua (quinoa) (Chenopodium quinoa),0,0,0,0,0,0,0,0,0,0,0,0,0,0,0,0,0,0,0,0,0,0,81.18,
Panama, 1002900000,- Los demás,0,0,0,0,0,0,0,19490.93,0,0,0,0,0,0,0,0,0,0,0,0,0,0,0,
Panama, 1005100000,- Para siembra,0,0,0,0,0,0,0,0,0,0,0,0,0,0,0,0,0,0,0,53.049999,0,0,0,
Panama, 1005901000,- - Maíz tipo "pop" (Zea mays everta),0,0,0,0,0,0,0,0,0,0,0,0,0,0,0,0,0,0,0,0,0,0,0,
Panama, 1005902000,- - Maíz amarillo,0,0,0,0,0,0,0,0,0,0,0,0,0,0,324411.91,0,0,0,0,0,0,0,0,
Panama, 1005903000,- - Maíz blanco,0,0,0,0,0,0,43750,0,0,0,0,0,0,0,0,0,0,0,0,0,0,0,39.639999,
Panama, 1006309000,- - Otros,0,0,0,0,0,0,0,0,0,0,0,0,0,0,0,0,0,86,0,0,0,0,0,
Panama, 1006400000,- Arroz partido,0,0,0,0,0,0,0,0,0,0,0,0,0,0,0,5560,0,0,0,0,0,0,0,
Panama, 1007100000,- Para siembra,7036,0,0,0,0,0,0,0,0,0,0,0,0,0,0,0,0,0,0,0,0,0,0,
Panama, 1008900000,- Los demás cereales,0,0,0,0,0,0,0,2476.8799,0,0,0,0,0,0,0,0,0,0,0,0,0,0,0,
Republica Dominicana, 1001110000,- - Para siembra,0,0,0,0,0,0,0,0,0,0,0,0,0,0,54.060001,0,0,0,0,0,0,0,0,
Republica Dominicana, 1006309000,- - Otros,0,0,0,0,0,0,0,0,0,0,0,0,0,0,0,0,0,38900,0,0,0,0,0,
Jamaica, 1006109000,- - Otros,0,0,0,0,0,0,0,0,0,0,0,24086.061,0,0,0,0,0,0,0,0,0,0,0,
Islas Virgenes De E.U.A., 1005902000,- - Maíz amarillo,0,0,0,0,0,0,0,0,0,0,0,0,0,0,0,0,1.55,0,0,0,0,0,0,
Puerto Rico, 1005909000,- - Otros,0,0,0,0,0,0,60.66,0,0,0,0,0,0,0,0,0,0,0,0,0,0,0,0,
Puerto Rico, 1006109000,- - Otros,0,0,0,0,0,0,0,23.85,0,0,0,0,0,0,0,0,0,0,0,0,0,0,0,
Colombia, 1005100000,- Para siembra,0,0,0,0,0,0,0,0,0,0,0,0,0,0,0,109460.24,406802.94,856.19,38207.172,99499.391,332328.44,189981.44,209.92999,
Colombia, 1006101000,- - Para siembra,141,0,0,0,0,0,0,0,0,0,0,65.720001,0,0,0,0,0,240.60001,0,0,0,0,160.14999,
Ecuador, 1005100000,- Para siembra,0,0,0,0,0,0,0,0,0,0,65.720001,0,0,0,0,0,0,0,0,0,0,0,0,
Ecuador, 1008500000,- Quinua (quinoa) (Chenopodium quinoa),0,0,0,0,0,0,0,0,0,0,0,0,0,0,0,0,0,0,0,0,4.3400002,0,0,
Venezuela, 1005100000,- Para siembra,0,0,0,0,0,0,0,0,0,0,0,0,75.300003,256.79999,0,0,0,0,0,0,0,0,0,
Venezuela, 1007100000,- Para siembra,0,0,0,0,0,0,0,228.5,0,0,0,0,75.300003,0,0,0,0,0,0,0,0,0,0,
Venezuela, 1008900000,- Los demás cereales,0,0,0,0,0,0,0,0,0,0,0,0,0,0,0,1730.4,0,0,0,0,0,0,0,
Brasil, 1005100000,- Para siembra,0,0,0,0,0,0,0,0,0,0,0,0,0,789.65997,189.88,64039.309,323.29999,265.97,148.72,1324.8,78.620003,129230.5,44889.469,
Brasil, 1005901000,- - Maíz tipo "pop" (Zea mays everta),0,0,0,0,0,0,0,0,0,0,0,0,0,0,0,0,0,0,0,88863.391,281192.38,138919.81,12480.52,
Brasil, 1005902000,- - Maíz amarillo,0,0,0,0,0,0,0,0,0,0,0,0,0,0,0,0,0,0,2.7235714E+7,1.1534426E+7,0,8826268,2872408.3,
Brasil, 1006200000,- Arroz descascarillado (arroz cargo o arroz pardo),0,0,0,0,0,0,0,0,0,0,0,0,0,0,0,0,0,0,459264.91,0,0,0,0,
Brasil, 1006301000,- - Grano tamaño medio fraccionado en uno de sus extremos, con rango de contenido de grasa de 0.60% a 0.75% destinado al proceso de insuflado y envasado en sacos de 50 kg, debidamente identificados,0,0,0,0,0,0,0,0,0,0,0,0,0,0,0,0,0,0,419002.5,0,0,0,0,
Brasil, 1006309000,- - Otros,0,0,0,0,0,0,0,0,0,0,0,0,0,0,0,0,0,0,242975.94,454859.38,0,71.019997,0,
Brasil, 1006400000,- Arroz partido,0,0,0,0,0,0,0,0,0,0,0,0,39161.699,0,0,0,0,0,0,0,0,0,0,
Uruguay, 1006109000,- - Otros,0,0,0,0,0,0,0,0,0,92,0,18.459999,0,0,0,0,0,0,0,0,0,0,0,
Uruguay, 1006200000,- Arroz descascarillado (arroz cargo o arroz pardo),0,0,0,0,0,0,50202,0,0,0,0,822.07001,565.71002,0,0,0,0,0,0,0,0,0,0,
Uruguay, 1006309000,- - Otros,0,0,0,0,0,30508,0,29507.859,12473.75,7115.0801,0,21994.961,788.72998,0,0,166036.19,275050,60615.801,0,215791.41,174027,272853.81,398799.38,
Uruguay, 1006400000,- Arroz partido,0,0,0,0,0,0,0,0,0,0,0,0,0,0,0,22739.039,0,24197.6,0,0,0,0,0,
Uruguay, 1007900000,- Los demás,0,0,0,0,0,0,0,0,0,0,0,0,0,0,0,0,23060.801,0,0,0,0,0,0,
Argentina, 1005100000,- Para siembra,0,0,0,0,0,0,0,0,0,0,0,12602.5,33451.398,0,92522.5,49934.398,0,0,0,0,0,27.91,0,
Argentina, 1005901000,- - Maíz tipo "pop" (Zea mays everta),0,0,0,24912,8811,37752,57228.559,47518.27,11410.08,106957.57,8800,10650.89,20090.02,25467.859,0,43768.219,115672.28,131000.96,324665.28,351452.59,277859.44,257345.11,231747.8,
Argentina, 1005902000,- - Maíz amarillo,0,0,0,3240509,9941809,1739337,884594.19,533484.94,534093.5,685016.31,3022344.5,0,0,0,0,0,0,0,9095251,1.1641512E+7,0,0,0,
Argentina, 1005903000,- - Maíz blanco,0,0,0,0,0,0,0,0,0,0,0,0,0,0,0,0,50.509998,0,0,0,0,0,0,
Argentina, 1005909000,- - Otros,0,0,0,0,0,0,0,0,0,1.58,0,0,0,0,0,0,0,0,0,0,0,0,0,
Argentina, 1006309000,- - Otros,0,0,0,0,0,0,0,0,0,0,0,0,0,254425.34,710154.88,2550456,0,0,0,0,0,0,0,
Argentina, 1007100000,- Para siembra,0,0,0,0,0,0,0,0,0,0,0,0,0,0,0,0,0,574.90997,0,0,0,0,0,
Argentina, 1008290000,- - Los demás,0,0,0,0,0,0,0,0,0,1.58,0,0,0,0,0,0,0,40.400002,0,18582,0,0,0,
Argentina, 1008300000,- Alpiste,0,0,0,0,0,0,0,0,0,1.58,0,0,0,0,0,0,0,0,0,0,0,0,0,
Argentina, 1008900000,- Los demás cereales,0,0,0,0,0,0,0,0,0,0,0,0,0,0,0,0,0,0,100.61,0,0,0,0,
Bolivia, 1008500000,- Quinua (quinoa) (Chenopodium quinoa),0,0,0,0,0,0,0,0,0,0,0,0,0,0,0,0,0,0,0,3779.8101,0,1.3200001,12386.56,
Bolivia, 1008900000,- Los demás cereales,0,0,0,0,0,0,0,0,0,0,0,0,0,0,0,0,0,2812.45,0,0,0,0,0,
Paraguay, 1006301000,- - Grano tamaño medio fraccionado en uno de sus extremos, con rango de contenido de grasa de 0.60% a 0.75% destinado al proceso de insuflado y envasado en sacos de 50 kg, debidamente identificados,0,0,0,0,0,0,0,0,0,0,0,0,0,140465,0,0,0,0,0,0,0,0,0,
Peru, 1005100000,- Para siembra,0,0,0,0,0,0,0,0,0,0,0,17.18,0,0,0,0,0,0,0,0,0,0,0,
Peru, 1005903000,- - Maíz blanco,0,0,0,0,0,0,0,0,0,154.42,333.67001,240.89999,0,287.79001,0,0,696.27002,0,0,0,0,0,0,
Peru, 1008500000,- Quinua (quinoa) (Chenopodium quinoa),0,0,0,0,0,0,0,0,0,0,0,0,0,0,0,0,0,0,3.3800001,9479.3398,9922.5596,22965.211,2385.8301,
Peru, 1008900000,- Los demás cereales,0,0,0,0,0,0,0,0,0,0,0,0,0,0,0,3.5999999,0,8.3699999,0,0,0,0,0,
Chile, 1004900000,- Los demás,0,0,0,0,0,0,0,0,0,0,283.70999,0,0,0,374.53,43153,67885.023,119166.3,165807.84,109637.94,0,11826,0,
Chile, 1005100000,- Para siembra,0,0,0,0,0,0,0,0,0,0,0,0,115.08,0,0,3316.3899,0,0,0,0,0,0,0,
Chile, 1005901000,- - Maíz tipo "pop" (Zea mays everta),0,0,0,0,0,0,0,0,0,0,11199.04,16056.66,25547.57,6911.6602,0,0,0,0,0,0,0,0,0,
Chile, 1006309000,- - Otros,0,0,0,0,0,0,0,83.410004,0,0,0,0,0,0,0,0,0,0,0,0,0,0,0,
Chile, 1008290000,- - Los demás,0,0,0,0,0,0,0,0,0,5955.1099,2837.23,0,0,0,0,0,0,0,0,0,0,0,0,
Chile, 1008300000,- Alpiste,0,0,0,0,0,0,0,0,0,7790.1299,0,0,0,0,0,0,0,0,0,0,0,0,0,
Guyana (Guayana Britanica), 1006109000,- - Otros,0,0,0,0,0,0,0,0,0,0,0,67041.531,0,0,0,0,0,0,0,0,71.019997,0,0,
Guyana (Guayana Britanica), 1006200000,- Arroz descascarillado (arroz cargo o arroz pardo),0,0,0,0,0,0,0,0,0,0,0,14553.96,0,0,0,0,0,0,0,0,0,0,0,
Guyana (Guayana Britanica), 1006309000,- - Otros,0,0,0,0,0,0,0,0,1036165.6,0,0,0,0,0,0,0,0,0,0,0,0,1278.61,0,
Guyana (Guayana Britanica), 1006400000,- Arroz partido,0,0,0,0,0,0,0,0,0,0,0,0,7872.9199,0,0,0,0,0,0,0,0,0,0,
Suriname, 1005909000,- - Otros,0,0,0,0,0,0,0,0,0,0,0,0,0,9992.8701,0,0,0,0,0,0,0,0,0,
Alemania, 1005901000,- - Maíz tipo "pop" (Zea mays everta),0,0,0,0,0,4147,0,0,0,0,0,0,0,0,0,0,0,0,0,0,0,0,0,
Alemania, 1006309000,- - Otros,0,0,0,0,0,0,0,0,0,0,0,59.220001,0,0,0,0,0,0,0,0,0,0,0,
Austria, 1004900000,- Los demás,0,0,0,0,0,0,0,0,0,0,0,1439.66,0,0,0,0,0,0,0,0,0,0,0,
Austria, 1006309000,- - Otros,0,0,0,0,1190.98,0,0,0,0,0,0,0,0,0,0,0,0,0,0,0,0,0,0,
Belgica, 1001110000,- - Para siembra,1721922,0,0,0,0,0,0,0,0,0,0,0,0,0,0,0,0,0,0,0,0,0,0,
Belgica, 1005902000,- - Maíz amarillo,0,0,0,15189,0,0,0,0,0,0,0,0,0,0,0,0,0,0,0,0,0,0,0,
Republica Checa, 1005903000,- - Maíz blanco,0,0,0,0,0,0,0,0,0,0,0,0,62278,0,0,0,0,0,0,0,0,0,0,
Bulgaria, 1003900000,- Los demás,0,0,0,0,0,0,17510,0,0,0,0,0,0,0,0,0,0,0,0,0,0,0,0,
Bulgaria, 1006109000,- - Otros,0,0,0,0,0,0,81086,0,0,0,0,0,0,0,0,0,0,0,0,0,0,0,0,
Espana, 1001990000,- - Los demás,0,0,0,0,0,0,391111,0,0,0,0,0,0,0,0,0,0,0,0,0,0,0,0,
Espana, 1004900000,- Los demás,0,0,0,0,0,0,0,0,0,0,0,0,0,0,0,0,14810.04,0,0,0,0,0,0,
Espana, 1005100000,- Para siembra,0,0,0,0,0,0,0,0,0,135.74001,131.22,10.25,0,0,70.07,105.76,140.56,289.25,264.62,113.41,880.28003,305.70999,330.26999,
Espana, 1005901000,- - Maíz tipo "pop" (Zea mays everta),0,0,0,0,0,0,0,0,0,0,277.14001,0,0,1929.39,0,0,0,0,0,0,0,0,0,
Espana, 1006309000,- - Otros,0,0,0,0,0,0,0,0,0,0,270.07999,1016.15,0,0,0,0,0,0,0,0,0,0,0,
Espana, 1006400000,- Arroz partido,0,0,0,23.49,0,0,0,0,0,0,0,0,0,0,0,0,0,0,0,0,0,0,0,
Espana, 1008290000,- - Los demás,0,0,0,0,0,0,0,0,2246.78,0,0,0,0,0,0,0,0,0,0,0,0,0,0,
Espana, 1008900000,- Los demás cereales,0,0,0,0,0,0,0,111.21,0,0,0,0,0,0,0,0,0,0,0,0,0,0,0,
Francia, 1001110000,- - Para siembra,1296624,0,0,0,0,0,0,0,0,0,0,0,0,0,0,0,0,0,0,0,0,0,0,
Francia, 1001190000,- - Los demás,0,0,0,0,0,0,0,0,0,0,0,0,0,0,0,0,0,0,0,0,0,234.53999,278.45999,
Francia, 1001990000,- - Los demás,1169611,0,0,0,482632,0,0,0,0,0,0,0,0,0,0,0,0,0,0,0,0,0,0,
Francia, 1003900000,- Los demás,0,0,0,0,0,0,0,0,0,0,0,0,0,0,0,0,0,0,0,0,0,71.669998,130.52,
Francia, 1005902000,- - Maíz amarillo,0,0,0,0,0,1300788,40788,0,0,0,0,0,0,0,0,0,0,0,0,0,0,153.12,204.49001,
Francia, 1005903000,- - Maíz blanco,0,856732,0,0,0,0,0,0,0,0,0,0,0,0,0,0,0,0,120.42,0,0,0,0,
Italia, 1001110000,- - Para siembra,0,0,409636,0,0,517825,0,0,0,0,0,0,0,0,0,0,0,0,0,0,0,0,0,
Italia, 1006309000,- - Otros,0,0,0,0,0,0,56.630001,25.120001,0,0,17928.811,0,0,1656.1899,1152.12,2840.0701,3098.95,4382.3398,32064.82,7084.1699,6259.75,4163.0498,0,
Italia, 1008900000,- Los demás cereales,0,0,0,0,0,0,0,0,1751.1801,0,0,0,0,0,0,0,0,0,0,0,0,0,0,
Reino Unido, 1001110000,- - Para siembra,1668141,0,0,0,0,0,0,0,0,0,0,0,0,0,0,0,0,0,0,0,0,0,0,
Suiza, 1006109000,- - Otros,0,0,0,0,0,0,0,0,0,0,0,0,0,259.17999,0,0,0,0,0,0,0,0,0,
Butan, 1006309000,- - Otros,0,0,0,0,0,0,0,0,0,0,0,0,0,0,0,0,0,27.870001,0,0,0,0,0,
Corea Del Sur, 1003900000,- Los demás,0,0,0,0,0,0,0,5.5799999,0,0,0,0,0,0,0,0,0,0,0,0,0,0,0,
Corea Del Sur, 1005902000,- - Maíz amarillo,0,0,0,0,0,0,106230,0,0,0,0,0,0,0,0,0,0,0,0,0,0,0,0,
Corea Del Sur, 1006109000,- - Otros,0,0,0,0,0,0,0,0,0,0,0,0,0,133.21001,0,0,0,0,0,0,0,0,0,
Corea Del Sur, 1006200000,- Arroz descascarillado (arroz cargo o arroz pardo),0,0,0,0,0,0,0,0,0,0,0,0,0,14.62,0,0,0,0,0,0,0,0,0,
Corea Del Sur, 1006301000,- - Grano tamaño medio fraccionado en uno de sus extremos, con rango de contenido de grasa de 0.60% a 0.75% destinado al proceso de insuflado y envasado en sacos de 50 kg, debidamente identificados,0,0,0,0,0,0,0,0,0,0,0,34.990002,0,0,0,0,0,0,0,0,0,0,0,
Corea Del Sur, 1006309000,- - Otros,0,0,0,0,0,0,2789.1599,220.89999,200,0,217.49001,195.62,0,0,0,0,77.610001,0,83.370003,6947.4399,0,0,0,
Corea Del Norte, 1006109000,- - Otros,0,0,0,0,0,0,0,0,0,0,0,0,0,17.58,0,0,0,0,0,0,0,0,0,
Corea Del Norte, 1006200000,- Arroz descascarillado (arroz cargo o arroz pardo),0,0,0,0,0,0,0,0,0,0,62.029999,0,0,14.63,0,0,0,0,0,0,0,0,0,
Republica Popular de China, 1005901000,- - Maíz tipo "pop" (Zea mays everta),0,0,0,0,0,0,0,0,0,0,0,112.58,0,0,0,0,0,0,0,0,0,0,0,
Republica Popular de China, 1006109000,- - Otros,0,0,0,0,0,0,0,0,0,0,0,0,0,0,0,0,26.700001,0,0,0,0,118.24,0,
Republica Popular de China, 1006309000,- - Otros,0,0,0,0,0,0,0,0,0,0,0,0,20.01,27.299999,0,0,0,0,0,0,0,0,0,
Republica Popular de China, 1006400000,- Arroz partido,0,0,0,0,0,0,0,0,0,0,0,0,0,0,0,0,15.57,0,0,0,0,0,0,
Republica Popular de China, 1008290000,- - Los demás,0,0,0,0,0,0,0,0,0,0,0,0,0,0,0,0,0,0,0,246592.91,0,0,0,
Republica Popular de China, 1008300000,- Alpiste,0,0,0,0,0,0,0,0,0,0,0,0,0,0,0,16432.68,0,0,0,0,0,0,0,
Taiwan, 1005100000,- Para siembra,0,0,0,389,487.48001,1846,4763.0601,0,0,3987.0901,3781.9199,2419,0,0,0,0,595.56,543.17999,0,164.39999,0,0,0,
Taiwan, 1006109000,- - Otros,0,0,0,0,0,0,0,38.080002,0,0,0,0,0,0,0,0,0,0,0,0,0,0,0,
Taiwan, 1006200000,- Arroz descascarillado (arroz cargo o arroz pardo),0,0,0,0,0,0,0,0,0,51110.84,0,343.39001,0,0,0,0,0,0,0,0,0,0,0,
Taiwan, 1006309000,- - Otros,0,0,0,0,0,1491.04,0,0,72,0,0,72.260002,0,310.54999,0,0,0,0,0,0,81,706559.31,1270097.6,
Taiwan, 1008900000,- Los demás cereales,0,0,0,0,0,0,0,0,0,0,20.629999,0,0,0,0,0,0,0,0,0,0,0,0,
India, 1006200000,- Arroz descascarillado (arroz cargo o arroz pardo),0,0,0,0,0,0,0,0,0,0,0,0,0,0,0,0,0,0,0,0,0,0,153.85001,
India, 1006309000,- - Otros,0,0,0,0,0,0,0,0,0,0,0,0,0,0,0,8.1099997,0,0,11561.3,32075.609,0,3254.5,0,
India, 1007100000,- Para siembra,0,0,0,0,0,0,0,56.68,0,0,0,0,0,0,0,0,101.02,0,0,0,0,0,0,
India, 1008500000,- Quinua (quinoa) (Chenopodium quinoa),0,0,0,0,0,0,0,0,0,0,0,0,0,0,0,0,0,0,0,0,0,0,125.83,
Indonesia, 1006309000,- - Otros,0,0,0,0,0,0,0,148.47,0,0,0,0,0,0,0,0,0,0,0,0,0,0,0,
Japon, 1005909000,- - Otros,0,0,0,0,0,12,0,0,0,0,0,0,0,0,0,0,0,0,0,0,0,0,0,
Japon, 1006200000,- Arroz descascarillado (arroz cargo o arroz pardo),0,0,0,0,0,0,0,0,0,0,0,365.23999,0,0,0,0,0,0,0,0,0,0,0,
Japon, 1006309000,- - Otros,0,0,0,0,0,0,0,0,0,0,0,0,0,0,0,102.24,0,0,0,0,0,0,0,
Japon, 1008900000,- Los demás cereales,0,0,0,0,0,0,0,0,0,0,0,0,0,0,189.14,0,0,0,0,0,0,0,0,
Paquistan, 1006309000,- - Otros,0,0,0,0,0,0,0,0,0,0,0,0,0,0,0,0,0,0,0,0,0,7467.3999,0,
Tailandia, 1005100000,- Para siembra,0,0,0,0,0,0,0,0,0,0,0,0,0,0,0,0,714,1478.46,3023.2,1392.14,4466,9023.1797,0,
Tailandia, 1005901000,- - Maíz tipo "pop" (Zea mays everta),0,0,0,0,0,0,0,0,0,0,0,0,0,0,0,0,0,0,0,0,0,0,14007,
Tailandia, 1006200000,- Arroz descascarillado (arroz cargo o arroz pardo),0,0,0,0,0,0,0,0,0,0,0,0,0,0,0,0,0,0,0,0,0,5.29,0,
Turquia, 1005901000,- - Maíz tipo "pop" (Zea mays everta),0,0,0,0,0,0,0,194.07001,0,0,0,0,0,0,0,0,0,0,0,0,0,0,0,
Turquia, 1008300000,- Alpiste,0,0,0,0,0,0,0,58.09,0,0,0,0,0,0,0,0,0,0,0,0,0,0,0,
Viet-Nam, 1005901000,- - Maíz tipo "pop" (Zea mays everta),0,0,0,0,0,0,0,0,0,1663.45,0,0,0,0,0,0,0,0,0,0,0,0,0,
Viet-Nam, 1006200000,- Arroz descascarillado (arroz cargo o arroz pardo),143399,0,0,0,0,0,0,0,0,0,0,0,0,0,0,0,0,0,0,0,0,0,0,
Viet-Nam, 1006309000,- - Otros,196625,0,39679,0,0,0,0,0,0,0,0,0,0,0,0,0,0,0,0,0,0,0,0,
Viet-Nam, 1008300000,- Alpiste,0,0,0,0,0,0,0,0,0,3222.9399,0,0,0,0,0,0,0,0,0,0,0,0,0,
Ucrania, 1001110000,- - Para siembra,0,0,0,0,0,0,0,0,0,4229642,5619.6602,6571.1602,0,0,0,0,0,0,0,0,0,0,0,
Camerun, 1005909000,- - Otros,0,0,0,0,0,0,0,0,0,0,0,0,0,0,0,0,0,0,0,80.580002,0,0,0,
Egipto, 1005100000,- Para siembra,0,0,0,0,0,0,0,0,0,0,0,0,0,135.14999,0,0,0,0,0,0,0,0,0,
Sud-Africa, 1005903000,- - Maíz blanco,0,4541496,0,0,1093271,0,0,0,0,0,0,0,0,0,0,0,0,0,0,0,0,0,0,
Australia, 1004900000,- Los demás,0,0,0,0,0,0,0,0,0,0,0,6773.1401,0,0,0,0,0,0,0,0,0,0,0,
Australia, 1005100000,- Para siembra,0,0,0,0,0,0,0,0,0,0,0,0,0,0,0,10517.06,4627.6001,7547.6401,2891.1699,0,0,0,0,
Australia, 1006101000,- - Para siembra,0,0,0,0,0,0,0,0,0,0,0,0,0,0,0,0,0,0,0,0,0,28.040001,0,
Australia, 1006309000,- - Otros,0,0,0,0,296478,0,754593,0,0,0,0,0,0,0,0,0,0,0,0,0,0,0,0,
Australia, 1007100000,- Para siembra,0,0,0,0,0,0,0,0,0,0,0,1322.21,0,0,0,2011.03,0,0,0,0,0,0,0,
Otros Paises, 1005903000,- - Maíz blanco,0,0,0,0,0,0,0,0,0,0,0,190822.92,0,0,0,0,0,0,0,0,0,0,0,
Otros Paises, 1006200000,- Arroz descascarillado (arroz cargo o arroz pardo),0,316.85999,0,0,0,0,0,0,0,0,0,0,0,0,0,0,0,0,0,0,0,0,0,
