IMPORTACIONES SIN MAQUILA VALORES EN UNIDADES,,,,,,,,,,,,,,,,,,,,,,,,,
,,,,,,,,,,,,,,,,,,,,,,,,,
PAIS,CODIGO ARANCELARIO,,,,,,,,,,,,,,,,,,,,,,,,
Canada, 1001110000,- - Para siembra,0,1522589,7708442,3710631,6131518,5557721,3655826.2400000002,4966015.3499999996,3305179.6800000002,0,911359.97999999998,141181.23000000001,0,21282.950000000001,0,0,0,0,0,0,0,0,0
Canada, 1001190000,- - Los demás,0,0,0,0,0,0,0,0,0,0,0,0,0,0,0,0,0,0,0,0,1012804.7,0,5700914.9299999997
Canada, 1001990000,- - Los demás,958465,0,0,0,0,0,0,0,0,0,0,201.12,0,271.06999999999999,0,0,0,0,0,0,0,0,54240.529999999999
Canada, 1004900000,- Los demás,0,0,0,0,0,0,0,0,3666.0300000000002,9411.5599999999995,7992.5600000000004,13715.860000000001,20459.98,37538.519999999997,105937.12,42154.209999999999,16787.299999999999,5040,31978.799999999999,14900,16306.08,0,0
Canada, 1005901000,- - Maíz tipo "pop" (Zea mays everta),,0,0,0,0,0,57.630000000000003,259.25,815.64999999999998,0,0,0,0,0,0,0,0,0,24.850000000000001,0,0,0,0
Canada, 1005902000,- - Maíz amarillo,0,0,2397,0,0,0,0,0,0,0,0,0,0,0,0,0,0,0,0,0,0,0,0
Canada, 1005903000,- - Maíz blanco,0,0,0,0,0,0,0,0,0,0,164.16,0,0,0,0,0,0,0,0,0,0,0,0
Canada, 1005909000,- - Otros,0,0,0,0,0,0,0,0,0,0,0,0,0,0,0,825.99000000000001,0,0,0,0,0,0,0
Canada, 1006109000,- - Otros,0,0,0,0,0,0,0,0,0,0,0,0,0,0,0,0,3769.4200000000001,196.49000000000001,634.38999999999999,0,0,0,0
Canada, 1006309000,- - Otros,0,0,0,0,0,0,0,0,0,0,18.98,0,0,0,0,0,0,374.37,252.55000000000001,0,0,0,32.520000000000003
Canada, 1008210000,- - Para siembra,0,0,0,0,0,0,0,0,0,0,0,5896.8000000000002,0,0,0,0,0,0,0,0,0,0,0
Canada, 1008290000,- - Los demás,0,0,0,0,0,0,0,0,10392.299999999999,9394.6200000000008,15972.690000000001,33547.870000000003,42402.639999999999,64915.459999999999,113926.71000000001,52748.910000000003,5534.79,4960,56471.220000000001,0,0,0,0
Canada, 1008300000,- Alpiste,0,0,0,0,0,0,0,5653.8199999999997,27274.709999999999,32711.490000000002,56386.779999999999,105830.74000000001,152880.29000000001,269822.06,338431.78999999998,320989.90999999997,307238.90000000002,415596.21999999997,185664.78,305705.21999999997,178104.17000000001,140892.07999999999,95477.089999999997
Canada, 1008900000,- Los demás cereales,0,0,0,0,0,0,33387.440000000002,72746.399999999994,8711.3899999999994,0,594.32000000000005,114.58,270.88,0,0,0,0,0,0,0,0,55.729999999999997,0
Estados Unidos (U.S.A.), 1001110000,- - Para siembra,35260813,31167606.620000001,34280276,29859576.050000001,30049831,26686359,31644766.350000001,29419243.899999999,37496732.93,44507111.520000003,54158080.490000002,46283714.119999997,49482551.729999997,60093930.479999997,95495987.030000001,68352359.640000001,63538462.409999996,89319429.469999999,2470146.0499999998,0,0,0,0
Estados Unidos (U.S.A.), 1001190000,- - Los demás,0,0,0,0,0,0,0,0,0,0,0,0,0,0,0,0,0,0,96658721.480000004,49706133.039999999,4071989.2000000002,9319971.0099999998,12640056.140000001
Estados Unidos (U.S.A.), 1001990000,- - Los demás,860160,0,0,802.19000000000005,546.13,394.92000000000002,374682.90999999997,1513986.1899999999,421.99000000000001,25981.200000000001,10007.879999999999,27447.27,60.079999999999998,0,302.47000000000003,108.73,191.69,149.88999999999999,1236376.3600000001,32213372.829999998,79755930.140000001,68494793.079999998,47519525.229999997
Estados Unidos (U.S.A.), 1003900000,- Los demás,0,0,68.109999999999999,0,13.23,0,0,0,0,0,0,0,0,0,0,0,62.68,0,0,0,0,0,0
Estados Unidos (U.S.A.), 1004900000,- Los demás,533.26999999999998,0,0,0,0,0,0,2.2200000000000002,10,0,2978.1100000000001,0,157.18000000000001,28320.740000000002,12576.6,134.50999999999999,186,738.36000000000001,67.150000000000006,4.1799999999999997,0,0,0
Estados Unidos (U.S.A.), 1005100000,- Para siembra,499,2619,2553,15844.73,17751.939999999999,7564.3900000000003,4019.7600000000002,11929.59,7812.1700000000001,6141.0799999999999,63211.690000000002,380.66000000000003,32000,195186.98000000001,711937.51000000001,1438047.4099999999,946621.92000000004,912944.95999999996,1533167.7,537918.57999999996,659007.67000000004,1558567.8899999999,226786.23000000001
Estados Unidos (U.S.A.), 1005901000,- - Maíz tipo "pop" (Zea mays everta),,311335.34999999998,445710,480803.60999999999,522891.48999999999,897296.33999999997,365346.51000000001,609199.71999999997,651431.89000000001,547781.41000000003,444299.60999999999,499795.88,690042.75,497629.15000000002,654936.68000000005,571678.71999999997,455921.48999999999,537969.78000000003,315110.96000000002,429193.12,178870.01000000001,283165.81,433642.15000000002
Estados Unidos (U.S.A.), 1005902000,- - Maíz amarillo,14249729,21156889.27,28954653,33320657.239999998,20327724.98,31539149.079999998,37089649.200000003,40921274.090000004,41836295.359999999,48854398.18,54144690.890000001,50235813.530000001,67452900.159999996,84623030.140000001,110741689.34,74469906.290000007,79539734.329999998,122144691.88,66858610.579999998,53826656.700000003,89930121.599999994,88933146.989999995,100848093.8
Estados Unidos (U.S.A.), 1005903000,- - Maíz blanco,6446010,890519,2396276,8005338,1967995,5422654.4299999997,6955272.6200000001,11328164.66,4687124.1699999999,643971.48999999999,7738733.6699999999,10179583.970000001,14499721.859999999,15681020.9,41089606.200000003,27842121.41,16070655.060000001,59062171.399999999,20057192.98,6982286.1799999997,13003852.470000001,22374453.640000001,41121768.609999999
Estados Unidos (U.S.A.), 1005909000,- - Otros,0,0,27.949999999999999,2285.0900000000001,7588.5,59.950000000000003,18669.860000000001,5687.5500000000002,1288.6500000000001,9592.5200000000004,96334.110000000001,119434.28999999999,14.640000000000001,6016.6499999999996,19390.23,16388.900000000001,6975.3100000000004,759.15999999999997,11.76,0,1920.96,5.1799999999999997,0
Estados Unidos (U.S.A.), 1006101000,- - Para siembra,0,0,20021,22480,20835,80596,0,0,0,0,0,0,0,133785.07000000001,0,0,0,0,0,0,0,0,0
Estados Unidos (U.S.A.), 1006109000,- - Otros,4204434,5115419,5292631.96,8234344.3799999999,10132549,7383113.46,8158676.3600000003,10064848.609999999,9738395.6400000006,13356671.779999999,15463954.73,19085534.129999999,19958714.48,21108600.09,30898527.77,26356632.98,23314629.120000001,27232264.859999999,26484093.379999999,34486852.990000002,32364833.399999999,22359438.399999999,23124239.73
Estados Unidos (U.S.A.), 1006200000,- Arroz descascarillado (arroz cargo o arroz pardo),1934151,650197.76000000001,1338978.8100000001,51980.32,54440.879999999997,50199.139999999999,14.51,338372.21000000002,6112.7200000000003,3323.6300000000001,5831.8199999999997,2580.8899999999999,855.69000000000005,922,1055.8900000000001,872.12,775391.83999999997,7319.8000000000002,5292.6199999999999,2098862.7999999998,1638.9100000000001,5874.4899999999998,4.0099999999999998
Estados Unidos (U.S.A.), 1006301000,- - Grano tamaño medio fraccionado en uno de sus extremos, con rango de contenido de grasa de 0.60% a 0.75% destinado al proceso de insuflado y envasado en sacos de 50 kg, debidamente identificados,,0,0,0,0,0,0,0,0,0,0,0,0,0,0,0,0,3.4500000000000002,108.88,0,0,4968.3299999999999,0
Estados Unidos (U.S.A.), 1006309000,- - Otros,825145,370907.83000000002,1776700.8899999999,42554.650000000001,1603548.99,592628.40000000002,1300474.3200000001,771464.77000000002,6498.3800000000001,417718.65000000002,7387.0900000000001,403069.94,1044750.23,4788446.1600000001,8109776.7599999998,5116729.1299999999,4238681.3899999997,3794107.29,5015282.9000000004,2328623.3500000001,3564162.1499999999,2541434.6699999999,1060953.6499999999
Estados Unidos (U.S.A.), 1006400000,- Arroz partido,0,1142.1099999999999,105932.17,6475.0699999999997,98.489999999999995,1515.01,4082.0100000000002,0,1590.4000000000001,0,56.25,49.280000000000001,1038721.03,0,0,1344647.72,375412.25,0,15.789999999999999,1193710.22,0,14.949999999999999,5.9299999999999997
Estados Unidos (U.S.A.), 1007100000,- Para siembra,57490.82,54017,75441.770000000004,53657.239999999998,29835.060000000001,8123.6099999999997,4706,29491.93,16896,9076.7800000000007,11369.48,65384.639999999999,52912.300000000003,63633.879999999997,175359.70000000001,123779.89999999999,255,29849.73,151.16,212.16,257.61000000000001,0,0
Estados Unidos (U.S.A.), 1007900000,- Los demás,0,0,1305669,0,0,0,0,0,0,44527.209999999999,37389.830000000002,0,0,0,0,0,0,0,0,0,0,0,0
Estados Unidos (U.S.A.), 1008210000,- - Para siembra,0,0,0,0,0,0,0,0,0,173.81,181.03,0,0,0,0,0,0,0,0,0,0,0,0
Estados Unidos (U.S.A.), 1008290000,- - Los demás,1074,0,0,161.02000000000001,0,432.23000000000002,116.95999999999999,0,0,0,487.99000000000001,0,0,0,7858.9399999999996,94518.589999999997,191867.29999999999,296176.01000000001,340603.87,55023.599999999999,129554.09,139911.39999999999,108480.71000000001
Estados Unidos (U.S.A.), 1008300000,- Alpiste,0,0,0,329.25,21.289999999999999,0,74,0,0,0,13023.4,0,0,0,0,0,0,0,0,3.9900000000000002,0.95999999999999996,0,33.829999999999998
Estados Unidos (U.S.A.), 1008500000,- Quinua (quinoa) (Chenopodium quinoa),0,0,0,0,0,0,0,0,0,0,0,0,0,0,0,0,0,0,0,0,40.82,26661.450000000001,24184.5
Estados Unidos (U.S.A.), 1008900000,- Los demás cereales,0,0,0,0,438.14999999999998,325.75,918645.39000000001,366217.59999999998,18561.869999999999,791.94000000000005,8863.1700000000001,85.420000000000002,30.899999999999999,101.05,0,1000,0,667.79999999999995,231.19999999999999,290.75999999999999,195.44,5439.3900000000003,48.549999999999997
Mexico, 1005100000,- Para siembra,5105,0,88043,121370,0,148312,45574.809999999998,149521.03,34122.68,174288.91,67327.860000000001,289446.33000000002,514593.47999999998,408249.97999999998,643711.83999999997,2463750.73,1340644.03,4053796.77,4904064.1699999999,2411340.7799999998,1790592.1299999999,2421964.5,2885100.4900000002
Mexico, 1005901000,- - Maíz tipo "pop" (Zea mays everta),,0,0,3198.0599999999999,5715.3699999999999,444.06,254.59,302.87,0,0,0,0,6918.2600000000002,0,0,0,0,0,0,0,0,16685.099999999999,0
Mexico, 1005903000,- - Maíz blanco,0,0,0,1502962.5,867459,0,3282.7800000000002,0,0,0,0,998620.63,2312705.0600000001,29258616.239999998,4684089.1299999999,3806241.3599999999,11939376.91,8021630.2400000002,9975372.4900000002,6314048.79,0,6439079.1799999997,2342567.5
Mexico, 1005909000,- - Otros,0,0,0,0,0,0,0,0,52.130000000000003,0,51.640000000000001,0,0,0,0,0,103.5,0,0,0,0,0,0
Mexico, 1006109000,- - Otros,0,0,0,0,0,0,0,66360,0,0,0,0,0,0,0,0,0,0,0,0,0,54.060000000000002,0
Mexico, 1006309000,- - Otros,8174.5299999999997,0,4688.6599999999999,1061.6900000000001,0,0,0,4632,0,0,0,0,0,0,0,0,0,0,0,0,0,83.150000000000006,151.00999999999999
Mexico, 1006400000,- Arroz partido,0,0,0,0,0,0,0,0,5762.9399999999996,9781.4400000000005,1769.25,0,0,0,0,0,0,0,0,0,0,0,0
Mexico, 1007100000,- Para siembra,0,0,0,0,23221,0,0,0,5891.9200000000001,0,17035,61.32,911.71000000000004,673.10000000000002,0,115.83,94.430000000000007,0,57.200000000000003,0,0,0,0
Mexico, 1007900000,- Los demás,0,0,0,0,0,0,0,0,0,0,56.619999999999997,0,56.020000000000003,0,0,0,0,0,0,0,0,0,0
Mexico, 1008300000,- Alpiste,0,0,0,0,0,0,0,0,4.6799999999999997,0,0,0,0,0,0,0,0,0,0,0,0,0,0
Mexico, 1008900000,- Los demás cereales,0,0,0,0,0,0,0,0,94.019999999999996,0,0,0,0,0,0,2532.5900000000001,0,0,0,0,0,0,0
Belice, 1005902000,- - Maíz amarillo,0,0,64726,184781.76999999999,0,0,0,0,0,0,0,0,0,0,0,0,6060.79,0,56,0,0,0,0
Belice, 1007900000,- Los demás,0,0,4044,0,0,0,0,0,0,0,0,0,0,0,0,0,0,0,0,0,0,0,0
Guatemala, 1001110000,- - Para siembra,0,385,0,0,0,122.91,19810.240000000002,6268.2799999999997,1204.4100000000001,0,5217.2299999999996,2332.73,3798.27,2394.7399999999998,3778.4099999999999,2707.5799999999999,3475.1700000000001,1205.3699999999999,0,0,0,0,0
Guatemala, 1001190000,- - Los demás,0,0,0,0,0,0,0,0,0,0,0,0,0,0,0,0,0,0,469.05000000000001,2809.0100000000002,1421.73,677.60000000000002,298.08999999999997
Guatemala, 1001990000,- - Los demás,0,0,0,0,0,0,0,2679.1500000000001,0,0,5041.3800000000001,786.80999999999995,283.69,1231.25,0,0,0,14.119999999999999,0,0,0,0,23.440000000000001
Guatemala, 1003900000,- Los demás,344,0,417.43000000000001,0,0,375.83999999999997,1249.0899999999999,6482.4700000000003,3658.75,1955.8499999999999,2368.98,2875.3699999999999,2480.5100000000002,1424.3099999999999,954.63999999999999,1892.96,7464.4899999999998,1376.21,2643.6399999999999,3382.5500000000002,1256.6800000000001,1729.23,1028.52
Guatemala, 1004900000,- Los demás,4070,2704,412,3706,0,2400,365,0,22500.790000000001,50232.309999999998,36047.980000000003,43911.459999999999,37472.959999999999,29829.200000000001,33744.93,41205.379999999997,33070.260000000002,29617.529999999999,4041.75,20766.860000000001,2827.0500000000002,0,150.19
Guatemala, 1005100000,- Para siembra,192322.51000000001,341285.65999999997,749940,1302565,1487913,1775624,1955143.0800000001,1007338.25,2230886.5,2095643.3999999999,496443.95000000001,2195342.6200000001,2756662.4700000002,3807812.1800000002,6933546.0499999998,4098641.5699999998,5748028.6299999999,2471977.3199999998,1323935.01,391210.06,412216.42999999999,667689.38,159043.07999999999
Guatemala, 1005901000,- - Maíz tipo "pop" (Zea mays everta),,0,0,0,0,0,19949.459999999999,135.19,829.48000000000002,470.81999999999999,79.069999999999993,2682.0799999999999,0,0,0,0,0,0,0,0,0,0,0
Guatemala, 1005902000,- - Maíz amarillo,492001,230612,53931,0,0,0,3204,0,0,3519.0900000000001,1340.05,2056,0,110.93000000000001,430.47000000000003,597512.17000000004,152434.51999999999,3704.6199999999999,84.5,7105.7399999999998,7316,36286.169999999998,1512806.9299999999
Guatemala, 1005903000,- - Maíz blanco,86600,559141.71999999997,1016864.76,6742836.2300000004,1429424.6799999999,9502522.4499999993,453538.27000000002,530628,367190.47999999998,46.530000000000001,100218.10000000001,147232.66,8202.2000000000007,1334836.76,3425265.3999999999,168908.07000000001,522687.92999999999,3937925.29,2159346.46,2278275.1200000001,413828.28999999998,1986309.6699999999,161021.20000000001
Guatemala, 1005909000,- - Otros,6000,1000,0,3467,8460,11016.23,50951.449999999997,26491.540000000001,0,0,79.870000000000005,6138.9499999999998,9114.6700000000001,33.369999999999997,32943.82,28760.169999999998,39149.709999999999,25389.23,6225.5100000000002,4077.6599999999999,58806.790000000001,19138.959999999999,93555.449999999997
Guatemala, 1006101000,- - Para siembra,0,0,0,0,0,0,0,0,0,0,0,0,0,0,2000,0,0,0,0,0,599.14999999999998,0,0
Guatemala, 1006109000,- - Otros,0,0,1185.5899999999999,33296,0,0,30,127.48999999999999,0,0,296039.73999999999,291452.02000000002,26288.709999999999,60032.849999999999,231148,344790.33000000002,13.44,63220,69400,5000,0,0,0
Guatemala, 1006200000,- Arroz descascarillado (arroz cargo o arroz pardo),181562.35999999999,292438.78999999998,260129.88,172536.19,37941.370000000003,294294.35999999999,0,0,0,100808.53,396.38,46851.839999999997,6420,0,553,320.16000000000003,390.94,0,0,0,0,0,0
Guatemala, 1006301000,- - Grano tamaño medio fraccionado en uno de sus extremos, con rango de contenido de grasa de 0.60% a 0.75% destinado al proceso de insuflado y envasado en sacos de 50 kg, debidamente identificados,,0,0,0,0,0,0,0,0,32995.25,0,0,0,0,0,125.70999999999999,0,0,0,0,0,0,0
Guatemala, 1006309000,- - Otros,715295.97999999998,885467.05000000005,1274073.1100000001,1275225.8200000001,857621.63,109287,47454.610000000001,356174.20000000001,319094.69,279059.77000000002,94326.169999999998,324612.25,832603.45999999996,98674.710000000006,66953.949999999997,79445.929999999993,14553.709999999999,13946.290000000001,800332.54000000004,18739.049999999999,8055.1499999999996,17419.75,45232.449999999997
Guatemala, 1006400000,- Arroz partido,0,0,4205,0,0,0,0,687.48000000000002,0,35083.800000000003,0,291819.72999999998,784258.39000000001,1167312.2,1140082.5,1532165.8,213601.13,9500,160556.26000000001,0,0,0,0
Guatemala, 1007100000,- Para siembra,89477,121985,44818.18,32536,7392,7077,16408.099999999999,240.69,0,0,30921.470000000001,9100,0,26.010000000000002,37.380000000000003,0,0,6841.4499999999998,1078.3099999999999,990.14999999999998,0,102.05,59.700000000000003
Guatemala, 1007900000,- Los demás,5134,1354040.1299999999,135234.54000000001,164875,1650,20497.25,104740.17999999999,65989.369999999995,0,0,0,58263.019999999997,10909.33,5951.46,51042.57,16503.41,0,2450.98,2257.0599999999999,53.520000000000003,0,60169.5,0
Guatemala, 1008210000,- - Para siembra,0,0,0,0,0,0,0,0,0,0,0,0,0,3710.3899999999999,14415.209999999999,765.89999999999998,0,0,0,0,0,0,0
Guatemala, 1008290000,- - Los demás,0,0,0,0,0,0,7250,0,1644.27,0,1345.3,3772.71,29729.700000000001,21234.57,22584.41,12094.59,66.75,11.68,0,1112.49,0,1843.3199999999999,3138.73
Guatemala, 1008300000,- Alpiste,0,0,0,879.33000000000004,0,0,298.08999999999997,29417.259999999998,62772.25,4804.8000000000002,27803.849999999999,77837.399999999994,54924.010000000002,64786.830000000002,77449.800000000003,30328.330000000002,76253.889999999999,19158.41,13169.709999999999,12662.34,8747.1399999999994,4417.79,8221.5400000000009
Guatemala, 1008900000,- Los demás cereales,0,0,0,0,1885,4392.2399999999998,16210.219999999999,2037.3099999999999,924.53999999999996,23588.889999999999,5423.0900000000001,17868.220000000001,15470.610000000001,21238.380000000001,40544.580000000002,38468.800000000003,40360.519999999997,81037.029999999999,55837.360000000001,7909.8800000000001,0,70.090000000000003,0
Honduras, 1001110000,- - Para siembra,0,0,0,0,0,0,606.60000000000002,17035.349999999999,0,0,19002.490000000002,0,0,0,0,0,0,0,0,0,0,0,0
Honduras, 1001990000,- - Los demás,0,0,0,0,0,0,0,293.19,0,0,6551.2799999999997,1617.5999999999999,0,0,0,0,0,0,0,0,0,0,0
Honduras, 1004900000,- Los demás,6141,0,0,0,0,0,0,0,0,0,0,0,0,0,0,0,0,1,0,0,0,0,0
Honduras, 1005100000,- Para siembra,0,0,24481,0,0,0,0,373456.96999999997,0,0,48228.75,0,0,0,2028.52,0,610.37,0,0,0,0,0,0
Honduras, 1005901000,- - Maíz tipo "pop" (Zea mays everta),,0,0,0,0,0,2729.6999999999998,0,0,0,0,0,0,0,0,0,0,0,0,0,0,0,0
Honduras, 1005902000,- - Maíz amarillo,2598,0,0,0,0,0,387.37,0,0,10918.799999999999,0,0,0,0,0,0,7286.8900000000003,319853.57000000001,1889.77,0,0,0,0
Honduras, 1005903000,- - Maíz blanco,121107,39061,1352884.5,134060.67999999999,457810.92999999999,4900.04,0,17700.360000000001,0,1128450,1910322.97,336031,0,47661.660000000003,724212.18999999994,0,125179.58,2808924.6600000001,1235567.1799999999,905888.06999999995,113605.12,20374.209999999999,0
Honduras, 1005909000,- - Otros,1200,0,0,0,0,0,0,167.90000000000001,0,0,35991.599999999999,0,4248.75,21590.939999999999,0,24.460000000000001,0,2986.5300000000002,2135.8800000000001,254.22,111.81,0,0
Honduras, 1006101000,- - Para siembra,0,0,0,0,0,0,41,0,0,1415.4000000000001,0,0,0,0,0,0,0,0,0,0,0,0,0
Honduras, 1006109000,- - Otros,0,1928,21471.23,123408.99000000001,0,0,14654.780000000001,20757.119999999999,7380.3000000000002,103852.23,0,0,0,0,0,11.119999999999999,0,0,0,0,0,6.7199999999999998,0
Honduras, 1006200000,- Arroz descascarillado (arroz cargo o arroz pardo),0,0,53032.019999999997,0,0,0,0,0,0,0,0,0,0,0,0,0,0,0,0,0,0,0,0
Honduras, 1006301000,- - Grano tamaño medio fraccionado en uno de sus extremos, con rango de contenido de grasa de 0.60% a 0.75% destinado al proceso de insuflado y envasado en sacos de 50 kg, debidamente identificados,,0,0,0,0,0,0,0,0,1314.3,0,0,0,0,0,0,0,0,0,0,0,0,0
Honduras, 1006309000,- - Otros,0,0,13219.99,0,0,0,0,5055,0,1620,0,0,0,0,0,33150,40450,15841.129999999999,0,0,0,0,0
Honduras, 1006400000,- Arroz partido,0,0,76144.119999999995,6200.2200000000003,0,0,51417.449999999997,108330.03,383119.65999999997,248492.81,214566.29999999999,49501.099999999999,0,0,21.129999999999999,201002.48000000001,912751.91000000003,1251912.3100000001,1668212.01,1077206.8600000001,216676.84,1109175.6000000001,857832.72999999998
Honduras, 1007100000,- Para siembra,0,0,0,0,0,0,2289.8899999999999,9187.7000000000007,0,0,0,0,0,0,0,0,0,0,0,0,0,0,0
Honduras, 1007900000,- Los demás,0,4493.3000000000002,749695.26000000001,48353.610000000001,0,1704.9200000000001,6818.5299999999997,0,0,7885.8000000000002,0,0,8087.75,0,12901.67,0,27.18,45788.260000000002,29410.25,3.3399999999999999,0,0,0
Honduras, 1008210000,- - Para siembra,0,0,0,0,0,0,0,0,0,0,0,0,0,0,0,0,0,0,70.25,0,0,0,0
Honduras, 1008290000,- - Los demás,0,0,0,0,0,0,576.92999999999995,0,0,3538.5,0,0,0,0,0,0,0,14688.58,631.82000000000005,3021.4499999999998,590.91999999999996,0,0
Honduras, 1008400000,- Fonio (Digitaria spp.),0,0,0,0,0,0,0,0,0,0,0,0,0,0,0,0,0,0,2373.3800000000001,0,0,0,0
Honduras, 1008900000,- Los demás cereales,0,0,0,0,0,0,0,782.13999999999999,2603.5100000000002,0,1617.5999999999999,1617.5999999999999,0,204.22999999999999,594.97000000000003,0,400.5,0,25241.959999999999,0,1437.3499999999999,160.56,0
Nicaragua, 1001110000,- - Para siembra,2622.3000000000002,0,0,4800,0,0,0,34511.5,0,0,0,0,7573.2399999999998,3799.9899999999998,10115.290000000001,1949.24,2120.5599999999999,27533.48,0,0,0,0,0
Nicaragua, 1001190000,- - Los demás,0,0,0,0,0,0,0,0,0,0,0,0,0,0,0,0,0,0,13418.67,4845,5256.1499999999996,869.69000000000005,0
Nicaragua, 1001990000,- - Los demás,0,0,0,0,0,0,0,0,0,0,2730.6199999999999,0,0,0,0,0,0,0,0,0,0,0,0
Nicaragua, 1003900000,- Los demás,0,0,0,0,0,0,18.359999999999999,0,0,0,0,0,0,0,0,0,0,0,0,0,0,0,0
Nicaragua, 1004900000,- Los demás,0,0,0,0,0,0,18.359999999999999,0,0,0,0,0,0,0,1424.6300000000001,0,0,0,0,0,0,0,0
Nicaragua, 1005100000,- Para siembra,257,0,0,0,0,0,0,0,0,0,0,37051.199999999997,0,0,0,0,0,0,0,0,0,0,0
Nicaragua, 1005901000,- - Maíz tipo "pop" (Zea mays everta),,0,0,0,0,393.88,0,0,0,0,0,0,0,0,0,0,0,12881,0,0,0,0,0
Nicaragua, 1005902000,- - Maíz amarillo,0,0,0,0,0,0,0,0,0,0,0,0,0,0,0,0,0,0,329.61000000000001,0,0,0,0
Nicaragua, 1005903000,- - Maíz blanco,664816.89000000001,9800,130168.28,536322.58999999997,78477.990000000005,14278.83,0,60306.449999999997,0,26215.830000000002,119228.89,0,8800,593453.79000000004,315098.96999999997,0,163088.28,4854922.75,2532012.8399999999,0,554220.32999999996,687416.28000000003,18644.34
Nicaragua, 1005909000,- - Otros,3700,0,0,29600,0,0,0,0,0,0,0,0,4000.5700000000002,1606.54,0,0,272.17000000000002,0,4596,5028.4300000000003,0,7068.8500000000004,7183.3900000000003
Nicaragua, 1006109000,- - Otros,5700,4300,55466.489999999998,141055,0,0,2982.46,16950,0,4378.9200000000001,7992.9799999999996,0,0,0,0,0,0,0,0,34413.260000000002,0,0,26.850000000000001
Nicaragua, 1006200000,- Arroz descascarillado (arroz cargo o arroz pardo),29925,0,27925.869999999999,438778.98999999999,0,0,2308,0,0,0,0,0,0,0,0,0,0,0,13609.549999999999,0,0,0,0
Nicaragua, 1006309000,- - Otros,0,0,118435.25999999999,669124.79000000004,0,0,0,0,0,1261.77,3538.5,0,0,0,0,0,349506.88,0,0,0,0,0,0
Nicaragua, 1006400000,- Arroz partido,6730,0,90922.649999999994,14150,0,2856,25176.220000000001,3437.4000000000001,91299.490000000005,101821.60000000001,113031.44,18129.419999999998,0,0,0,374280.47999999998,1312557.1799999999,1409798.05,2178768.3599999999,1929676.6399999999,3981228.4500000002,2279942.2000000002,3418568.3199999998
Nicaragua, 1007100000,- Para siembra,0,0,0,0,0,0,0,0,0,0,0,0,0,0,0,0,0,8640,0,0,910,0,0
Nicaragua, 1007900000,- Los demás,3133252.9100000001,6796.3500000000004,202714,738247.09999999998,0,0,0,7426.8100000000004,0,0,0,0,81308.479999999996,0,411134.09000000003,13820,4993.1599999999999,1975210.1499999999,372355.46000000002,0,0,57427.510000000002,38902.139999999999
Nicaragua, 1008100000,- Alforfón,35137,0,0,0,0,0,0,0,0,0,0,0,0,0,0,0,0,0,0,0,0,0,0
Nicaragua, 1008900000,- Los demás cereales,28750,0,0,0,0,0,18.359999999999999,0,0,0,0,0,0,9858.4300000000003,0,362.42000000000002,0,0,0,0,0,0,0
Costa Rica, 1001110000,- - Para siembra,0,0,0,0,0,279.98000000000002,0,0,0,0,0,0,0,0,0,0,0,0,0,0,0,0,0
Costa Rica, 1003900000,- Los demás,0,0,0,0,0,0,0,0,0,0,0,0,0.73999999999999999,0,0,0,0,0,0,0,0,0,0
Costa Rica, 1004900000,- Los demás,0,0,0,0,0,0,0,0,0,1493.8800000000001,0,0,0,0,0,0,0,0,0,0,0,0,0
Costa Rica, 1005100000,- Para siembra,0,0,0,0,0,0,0,0,0,0,0,0,0,0,0,0,0,0,120.3,40.149999999999999,0,0,0
Costa Rica, 1005901000,- - Maíz tipo "pop" (Zea mays everta),,0,0,0,0,0,0,10.15,0,0,0,0,0,0,0,0,0,0,0,0,0,0,0
Costa Rica, 1005903000,- - Maíz blanco,0,0,0,0,0,0,0,0,0,0,0,0,0,54562.5,0,0,0,12096.860000000001,0,0,0,0,0
Costa Rica, 1005909000,- - Otros,0,0,0,0,0,0,0,0,0,0,0,0,0,88.689999999999998,0,0,0,0,0,0,0,0,0
Costa Rica, 1006101000,- - Para siembra,36,0,0,0,0,0,3050,0,0,0,0,0,0,0,0,0,0,0,0,0,0,228.03,0
Costa Rica, 1006109000,- - Otros,0,0,0,0,0,0,3083,0,0,38798.550000000003,6905.1300000000001,0,0,0,0,106.09,0,0,0,0,0,0,0
Costa Rica, 1006200000,- Arroz descascarillado (arroz cargo o arroz pardo),0,0,0,0,0,0,0,0,0,0,0,0,0,0,0,0,0,0,13609.549999999999,0,0,0,0
Costa Rica, 1006301000,- - Grano tamaño medio fraccionado en uno de sus extremos, con rango de contenido de grasa de 0.60% a 0.75% destinado al proceso de insuflado y envasado en sacos de 50 kg, debidamente identificados,,0,0,0,0,0,0,0,0,0,0,0,0,0,0,0,0,0,0,0,0,0,23803.110000000001
Costa Rica, 1006309000,- - Otros,0,0,22500,11750,0,17348,0,0,0,0,0,0,0,3795.4899999999998,0,0,101.02,0,37362.669999999998,0,0,0,0
Costa Rica, 1006400000,- Arroz partido,0,0,149982,86980,35740,13925,256238.26000000001,31846.5,57747.900000000001,167414.64999999999,257509.76999999999,38880,0,0,0,108968.08,683096.70999999996,1003581.67,483966.35999999999,1114674.3,1548600.45,1112301.9399999999,1478580.29
Costa Rica, 1007100000,- Para siembra,0,0,0,0,0,0,2524.3800000000001,0,0,0,0,0,0,0,0,0,0,0,0,0,0,0,0
Costa Rica, 1007900000,- Los demás,0,0,0,0,0,0,0,0,0,5156.1000000000004,0,0,0,0,5660.4799999999996,0,0,0,0,0,0,0,0
Costa Rica, 1008500000,- Quinua (quinoa) (Chenopodium quinoa),0,0,0,0,0,0,0,0,0,0,0,0,0,0,0,0,0,0,0,0,0,0,81.180000000000007
Panama, 1002900000,- Los demás,0,0,0,0,0,0,0,19490.93,0,0,0,0,0,0,0,0,0,0,0,0,0,0,0
Panama, 1005100000,- Para siembra,0,0,0,0,0,0,0,0,0,0,0,0,0,0,0,0,0,0,0,53.049999999999997,0,0,0
Panama, 1005901000,- - Maíz tipo "pop" (Zea mays everta),,0,0,0,0,0,0,0,0,0,0,0,0,0,0,0,0,0,0,0,0,0,0
Panama, 1005902000,- - Maíz amarillo,0,0,0,0,0,0,0,0,0,0,0,0,0,0,324411.91999999998,0,0,0,0,0,0,0,0
Panama, 1005903000,- - Maíz blanco,0,0,0,0,0,0,43750,0,0,0,0,0,0,0,0,0,0,0,0,0,0,0,39.640000000000001
Panama, 1006309000,- - Otros,0,0,0,0,0,0,0,0,0,0,0,0,0,0,0,0,0,86,0,0,0,0,0
Panama, 1006400000,- Arroz partido,0,0,0,0,0,0,0,0,0,0,0,0,0,0,0,5560,0,0,0,0,0,0,0
Panama, 1007100000,- Para siembra,7036,0,0,0,0,0,0,0,0,0,0,0,0,0,0,0,0,0,0,0,0,0,0
Panama, 1008900000,- Los demás cereales,0,0,0,0,0,0,0,2476.8800000000001,0,0,0,0,0,0,0,0,0,0,0,0,0,0,0
Republica Dominicana, 1001110000,- - Para siembra,0,0,0,0,0,0,0,0,0,0,0,0,0,0,54.060000000000002,0,0,0,0,0,0,0,0
Republica Dominicana, 1006309000,- - Otros,0,0,0,0,0,0,0,0,0,0,0,0,0,0,0,0,0,38900,0,0,0,0,0
Jamaica, 1006109000,- - Otros,0,0,0,0,0,0,0,0,0,0,0,24086.060000000001,0,0,0,0,0,0,0,0,0,0,0
Islas Virgenes De E.U.A., 1005902000,- - Maíz amarillo,0,0,0,0,0,0,0,0,0,0,0,0,0,0,0,0,1.55,0,0,0,0,0,0
Puerto Rico, 1005909000,- - Otros,0,0,0,0,0,0,60.659999999999997,0,0,0,0,0,0,0,0,0,0,0,0,0,0,0,0
Puerto Rico, 1006109000,- - Otros,0,0,0,0,0,0,0,23.850000000000001,0,0,0,0,0,0,0,0,0,0,0,0,0,0,0
Colombia, 1005100000,- Para siembra,0,0,0,0,0,0,0,0,0,0,0,0,0,0,0,109460.24000000001,406802.92999999999,856.19000000000005,38207.169999999998,99499.389999999999,332328.42999999999,189981.42999999999,209.93000000000001
Colombia, 1006101000,- - Para siembra,141,0,0,0,0,0,0,0,0,0,0,65.719999999999999,0,0,0,0,0,240.59999999999999,0,0,0,0,160.15000000000001
Ecuador, 1005100000,- Para siembra,0,0,0,0,0,0,0,0,0,0,65.719999999999999,0,0,0,0,0,0,0,0,0,0,0,0
Ecuador, 1008500000,- Quinua (quinoa) (Chenopodium quinoa),0,0,0,0,0,0,0,0,0,0,0,0,0,0,0,0,0,0,0,0,4.3399999999999999,0,0
Venezuela, 1005100000,- Para siembra,0,0,0,0,0,0,0,0,0,0,0,0,75.299999999999997,256.80000000000001,0,0,0,0,0,0,0,0,0
Venezuela, 1007100000,- Para siembra,0,0,0,0,0,0,0,228.5,0,0,0,0,75.299999999999997,0,0,0,0,0,0,0,0,0,0
Venezuela, 1008900000,- Los demás cereales,0,0,0,0,0,0,0,0,0,0,0,0,0,0,0,1730.4000000000001,0,0,0,0,0,0,0
Brasil, 1005100000,- Para siembra,0,0,0,0,0,0,0,0,0,0,0,0,0,789.65999999999997,189.88,64039.309999999998,323.30000000000001,265.97000000000003,148.72,1324.8,78.620000000000005,129230.5,44889.470000000001
Brasil, 1005901000,- - Maíz tipo "pop" (Zea mays everta),,0,0,0,0,0,0,0,0,0,0,0,0,0,0,0,0,0,0,88863.389999999999,281192.37,138919.81,12480.52
Brasil, 1005902000,- - Maíz amarillo,0,0,0,0,0,0,0,0,0,0,0,0,0,0,0,0,0,0,27235713.18,11534426.390000001,0,8826267.9800000004,2872408.23
Brasil, 1006200000,- Arroz descascarillado (arroz cargo o arroz pardo),0,0,0,0,0,0,0,0,0,0,0,0,0,0,0,0,0,0,459264.91999999998,0,0,0,0
Brasil, 1006301000,- - Grano tamaño medio fraccionado en uno de sus extremos, con rango de contenido de grasa de 0.60% a 0.75% destinado al proceso de insuflado y envasado en sacos de 50 kg, debidamente identificados,,0,0,0,0,0,0,0,0,0,0,0,0,0,0,0,0,0,419002.5,0,0,0,0
Brasil, 1006309000,- - Otros,0,0,0,0,0,0,0,0,0,0,0,0,0,0,0,0,0,0,242975.94,454859.37,0,71.019999999999996,0
Brasil, 1006400000,- Arroz partido,0,0,0,0,0,0,0,0,0,0,0,0,39161.699999999997,0,0,0,0,0,0,0,0,0,0
Uruguay, 1006109000,- - Otros,0,0,0,0,0,0,0,0,0,92,0,18.460000000000001,0,0,0,0,0,0,0,0,0,0,0
Uruguay, 1006200000,- Arroz descascarillado (arroz cargo o arroz pardo),0,0,0,0,0,0,50202,0,0,0,0,822.07000000000005,565.71000000000004,0,0,0,0,0,0,0,0,0,0
Uruguay, 1006309000,- - Otros,0,0,0,0,0,30508,0,29507.860000000001,12473.75,7115.0799999999999,0,21994.959999999999,788.73000000000002,0,0,166036.17999999999,275050.01000000001,60615.800000000003,0,215791.39999999999,174027,272853.79999999999,398799.39000000001
Uruguay, 1006400000,- Arroz partido,0,0,0,0,0,0,0,0,0,0,0,0,0,0,0,22739.040000000001,0,24197.599999999999,0,0,0,0,0
Uruguay, 1007900000,- Los demás,0,0,0,0,0,0,0,0,0,0,0,0,0,0,0,0,23060.799999999999,0,0,0,0,0,0
Argentina, 1005100000,- Para siembra,0,0,0,0,0,0,0,0,0,0,0,12602.5,33451.400000000001,0,92522.5,49934.400000000001,0,0,0,0,0,27.91,0
Argentina, 1005901000,- - Maíz tipo "pop" (Zea mays everta),,0,0,24912,8811,37752,57228.559999999998,47518.269999999997,11410.08,106957.57000000001,8800,10650.889999999999,20090.02,25467.860000000001,0,43768.220000000001,115672.28,131000.96000000001,324665.28000000003,351452.58000000002,277859.44,257345.10999999999,231747.79000000001
Argentina, 1005902000,- - Maíz amarillo,0,0,0,3240509,9941809,1739337,884594.18999999994,533484.94999999995,534093.5,685016.30000000005,3022344.46,0,0,0,0,0,0,0,9095250.7899999991,11641511.810000001,0,0,0
Argentina, 1005903000,- - Maíz blanco,0,0,0,0,0,0,0,0,0,0,0,0,0,0,0,0,50.509999999999998,0,0,0,0,0,0
Argentina, 1005909000,- - Otros,0,0,0,0,0,0,0,0,0,1.5800000000000001,0,0,0,0,0,0,0,0,0,0,0,0,0
Argentina, 1006309000,- - Otros,0,0,0,0,0,0,0,0,0,0,0,0,0,254425.34,710154.90000000002,2550456.0699999998,0,0,0,0,0,0,0
Argentina, 1007100000,- Para siembra,0,0,0,0,0,0,0,0,0,0,0,0,0,0,0,0,0,574.90999999999997,0,0,0,0,0
Argentina, 1008290000,- - Los demás,0,0,0,0,0,0,0,0,0,1.5800000000000001,0,0,0,0,0,0,0,40.399999999999999,0,18582,0,0,0
Argentina, 1008300000,- Alpiste,0,0,0,0,0,0,0,0,0,1.5800000000000001,0,0,0,0,0,0,0,0,0,0,0,0,0
Argentina, 1008900000,- Los demás cereales,0,0,0,0,0,0,0,0,0,0,0,0,0,0,0,0,0,0,100.61,0,0,0,0
Bolivia, 1008500000,- Quinua (quinoa) (Chenopodium quinoa),0,0,0,0,0,0,0,0,0,0,0,0,0,0,0,0,0,0,0,3779.8099999999999,0,1.3200000000000001,12386.559999999999
Bolivia, 1008900000,- Los demás cereales,0,0,0,0,0,0,0,0,0,0,0,0,0,0,0,0,0,2812.4499999999998,0,0,0,0,0
Paraguay, 1006301000,- - Grano tamaño medio fraccionado en uno de sus extremos, con rango de contenido de grasa de 0.60% a 0.75% destinado al proceso de insuflado y envasado en sacos de 50 kg, debidamente identificados,,0,0,0,0,0,0,0,0,0,0,0,0,140465,0,0,0,0,0,0,0,0,0
Peru, 1005100000,- Para siembra,0,0,0,0,0,0,0,0,0,0,0,17.18,0,0,0,0,0,0,0,0,0,0,0
Peru, 1005903000,- - Maíz blanco,0,0,0,0,0,0,0,0,0,154.41999999999999,333.67000000000002,240.90000000000001,0,287.79000000000002,0,0,696.26999999999998,0,0,0,0,0,0
Peru, 1008500000,- Quinua (quinoa) (Chenopodium quinoa),0,0,0,0,0,0,0,0,0,0,0,0,0,0,0,0,0,0,3.3799999999999999,9479.3400000000001,9922.5599999999995,22965.209999999999,2385.8299999999999
Peru, 1008900000,- Los demás cereales,0,0,0,0,0,0,0,0,0,0,0,0,0,0,0,3.6000000000000001,0,8.3699999999999992,0,0,0,0,0
Chile, 1004900000,- Los demás,0,0,0,0,0,0,0,0,0,0,283.70999999999998,0,0,0,374.52999999999997,43153,67885.020000000004,119166.3,165807.84,109637.94,0,11826,0
Chile, 1005100000,- Para siembra,0,0,0,0,0,0,0,0,0,0,0,0,115.08,0,0,3316.3899999999999,0,0,0,0,0,0,0
Chile, 1005901000,- - Maíz tipo "pop" (Zea mays everta),,0,0,0,0,0,0,0,0,0,11199.040000000001,16056.66,25547.57,6911.6599999999999,0,0,0,0,0,0,0,0,0
Chile, 1006309000,- - Otros,0,0,0,0,0,0,0,83.409999999999997,0,0,0,0,0,0,0,0,0,0,0,0,0,0,0
Chile, 1008290000,- - Los demás,0,0,0,0,0,0,0,0,0,5955.1099999999997,2837.23,0,0,0,0,0,0,0,0,0,0,0,0
Chile, 1008300000,- Alpiste,0,0,0,0,0,0,0,0,0,7790.1300000000001,0,0,0,0,0,0,0,0,0,0,0,0,0
Guyana (Guayana Britanica), 1006109000,- - Otros,0,0,0,0,0,0,0,0,0,0,0,67041.529999999999,0,0,0,0,0,0,0,0,71.019999999999996,0,0
Guyana (Guayana Britanica), 1006200000,- Arroz descascarillado (arroz cargo o arroz pardo),0,0,0,0,0,0,0,0,0,0,0,14553.959999999999,0,0,0,0,0,0,0,0,0,0,0
Guyana (Guayana Britanica), 1006309000,- - Otros,0,0,0,0,0,0,0,0,1036165.58,0,0,0,0,0,0,0,0,0,0,0,0,1278.6099999999999,0
Guyana (Guayana Britanica), 1006400000,- Arroz partido,0,0,0,0,0,0,0,0,0,0,0,0,7872.9200000000001,0,0,0,0,0,0,0,0,0,0
Suriname, 1005909000,- - Otros,0,0,0,0,0,0,0,0,0,0,0,0,0,9992.8700000000008,0,0,0,0,0,0,0,0,0
Alemania, 1005901000,- - Maíz tipo "pop" (Zea mays everta),,0,0,0,0,4147,0,0,0,0,0,0,0,0,0,0,0,0,0,0,0,0,0
Alemania, 1006309000,- - Otros,0,0,0,0,0,0,0,0,0,0,0,59.219999999999999,0,0,0,0,0,0,0,0,0,0,0
Austria, 1004900000,- Los demás,0,0,0,0,0,0,0,0,0,0,0,1439.6600000000001,0,0,0,0,0,0,0,0,0,0,0
Austria, 1006309000,- - Otros,0,0,0,0,1190.98,0,0,0,0,0,0,0,0,0,0,0,0,0,0,0,0,0,0
Belgica, 1001110000,- - Para siembra,1721922,0,0,0,0,0,0,0,0,0,0,0,0,0,0,0,0,0,0,0,0,0,0
Belgica, 1005902000,- - Maíz amarillo,0,0,0,15189,0,0,0,0,0,0,0,0,0,0,0,0,0,0,0,0,0,0,0
Republica Checa, 1005903000,- - Maíz blanco,0,0,0,0,0,0,0,0,0,0,0,0,62278,0,0,0,0,0,0,0,0,0,0
Bulgaria, 1003900000,- Los demás,0,0,0,0,0,0,17510,0,0,0,0,0,0,0,0,0,0,0,0,0,0,0,0
Bulgaria, 1006109000,- - Otros,0,0,0,0,0,0,81086,0,0,0,0,0,0,0,0,0,0,0,0,0,0,0,0
Espana, 1001990000,- - Los demás,0,0,0,0,0,0,391111,0,0,0,0,0,0,0,0,0,0,0,0,0,0,0,0
Espana, 1004900000,- Los demás,0,0,0,0,0,0,0,0,0,0,0,0,0,0,0,0,14810.040000000001,0,0,0,0,0,0
Espana, 1005100000,- Para siembra,0,0,0,0,0,0,0,0,0,135.74000000000001,131.22,10.25,0,0,70.069999999999993,105.76000000000001,140.56,289.25,264.62,113.41,880.27999999999997,305.70999999999998,330.26999999999998
Espana, 1005901000,- - Maíz tipo "pop" (Zea mays everta),,0,0,0,0,0,0,0,0,0,277.13999999999999,0,0,1929.3900000000001,0,0,0,0,0,0,0,0,0
Espana, 1006309000,- - Otros,0,0,0,0,0,0,0,0,0,0,270.07999999999998,1016.15,0,0,0,0,0,0,0,0,0,0,0
Espana, 1006400000,- Arroz partido,0,0,0,23.489999999999998,0,0,0,0,0,0,0,0,0,0,0,0,0,0,0,0,0,0,0
Espana, 1008290000,- - Los demás,0,0,0,0,0,0,0,0,2246.7800000000002,0,0,0,0,0,0,0,0,0,0,0,0,0,0
Espana, 1008900000,- Los demás cereales,0,0,0,0,0,0,0,111.20999999999999,0,0,0,0,0,0,0,0,0,0,0,0,0,0,0
Francia, 1001110000,- - Para siembra,1296624,0,0,0,0,0,0,0,0,0,0,0,0,0,0,0,0,0,0,0,0,0,0
Francia, 1001190000,- - Los demás,0,0,0,0,0,0,0,0,0,0,0,0,0,0,0,0,0,0,0,0,0,234.53999999999999,278.45999999999998
Francia, 1001990000,- - Los demás,1169611,0,0,0,482632,0,0,0,0,0,0,0,0,0,0,0,0,0,0,0,0,0,0
Francia, 1003900000,- Los demás,0,0,0,0,0,0,0,0,0,0,0,0,0,0,0,0,0,0,0,0,0,71.670000000000002,130.52000000000001
Francia, 1005902000,- - Maíz amarillo,0,0,0,0,0,1300788,40788,0,0,0,0,0,0,0,0,0,0,0,0,0,0,153.12,204.49000000000001
Francia, 1005903000,- - Maíz blanco,0,856732,0,0,0,0,0,0,0,0,0,0,0,0,0,0,0,0,120.42,0,0,0,0
Italia, 1001110000,- - Para siembra,0,0,409636,0,0,517825,0,0,0,0,0,0,0,0,0,0,0,0,0,0,0,0,0
Italia, 1006309000,- - Otros,0,0,0,0,0,0,56.630000000000003,25.120000000000001,0,0,17928.810000000001,0,0,1656.1900000000001,1152.1199999999999,2840.0700000000002,3098.9499999999998,4382.3400000000001,32064.82,7084.1700000000001,6259.75,4163.0500000000002,0
Italia, 1008900000,- Los demás cereales,0,0,0,0,0,0,0,0,1751.1800000000001,0,0,0,0,0,0,0,0,0,0,0,0,0,0
Reino Unido, 1001110000,- - Para siembra,1668141,0,0,0,0,0,0,0,0,0,0,0,0,0,0,0,0,0,0,0,0,0,0
Suiza, 1006109000,- - Otros,0,0,0,0,0,0,0,0,0,0,0,0,0,259.18000000000001,0,0,0,0,0,0,0,0,0
Butan, 1006309000,- - Otros,0,0,0,0,0,0,0,0,0,0,0,0,0,0,0,0,0,27.870000000000001,0,0,0,0,0
Corea Del Sur, 1003900000,- Los demás,0,0,0,0,0,0,0,5.5800000000000001,0,0,0,0,0,0,0,0,0,0,0,0,0,0,0
Corea Del Sur, 1005902000,- - Maíz amarillo,0,0,0,0,0,0,106230,0,0,0,0,0,0,0,0,0,0,0,0,0,0,0,0
Corea Del Sur, 1006109000,- - Otros,0,0,0,0,0,0,0,0,0,0,0,0,0,133.21000000000001,0,0,0,0,0,0,0,0,0
Corea Del Sur, 1006200000,- Arroz descascarillado (arroz cargo o arroz pardo),0,0,0,0,0,0,0,0,0,0,0,0,0,14.619999999999999,0,0,0,0,0,0,0,0,0
Corea Del Sur, 1006301000,- - Grano tamaño medio fraccionado en uno de sus extremos, con rango de contenido de grasa de 0.60% a 0.75% destinado al proceso de insuflado y envasado en sacos de 50 kg, debidamente identificados,,0,0,0,0,0,0,0,0,0,0,34.990000000000002,0,0,0,0,0,0,0,0,0,0,0
Corea Del Sur, 1006309000,- - Otros,0,0,0,0,0,0,2789.1599999999999,220.90000000000001,200,0,217.49000000000001,195.62,0,0,0,0,77.609999999999999,0,83.370000000000005,6947.4399999999996,0,0,0
Corea Del Norte, 1006109000,- - Otros,0,0,0,0,0,0,0,0,0,0,0,0,0,17.579999999999998,0,0,0,0,0,0,0,0,0
Corea Del Norte, 1006200000,- Arroz descascarillado (arroz cargo o arroz pardo),0,0,0,0,0,0,0,0,0,0,62.030000000000001,0,0,14.630000000000001,0,0,0,0,0,0,0,0,0
Republica Popular de China, 1005901000,- - Maíz tipo "pop" (Zea mays everta),,0,0,0,0,0,0,0,0,0,0,112.58,0,0,0,0,0,0,0,0,0,0,0
Republica Popular de China, 1006109000,- - Otros,0,0,0,0,0,0,0,0,0,0,0,0,0,0,0,0,26.699999999999999,0,0,0,0,118.23999999999999,0
Republica Popular de China, 1006309000,- - Otros,0,0,0,0,0,0,0,0,0,0,0,0,20.010000000000002,27.300000000000001,0,0,0,0,0,0,0,0,0
Republica Popular de China, 1006400000,- Arroz partido,0,0,0,0,0,0,0,0,0,0,0,0,0,0,0,0,15.57,0,0,0,0,0,0
Republica Popular de China, 1008290000,- - Los demás,0,0,0,0,0,0,0,0,0,0,0,0,0,0,0,0,0,0,0,246592.89999999999,0,0,0
Republica Popular de China, 1008300000,- Alpiste,0,0,0,0,0,0,0,0,0,0,0,0,0,0,0,16432.68,0,0,0,0,0,0,0
Taiwan, 1005100000,- Para siembra,0,0,0,389,487.48000000000002,1846,4763.0600000000004,0,0,3987.0900000000001,3781.9200000000001,2419,0,0,0,0,595.55999999999995,543.17999999999995,0,164.40000000000001,0,0,0
Taiwan, 1006109000,- - Otros,0,0,0,0,0,0,0,38.079999999999998,0,0,0,0,0,0,0,0,0,0,0,0,0,0,0
Taiwan, 1006200000,- Arroz descascarillado (arroz cargo o arroz pardo),0,0,0,0,0,0,0,0,0,51110.839999999997,0,343.38999999999999,0,0,0,0,0,0,0,0,0,0,0
Taiwan, 1006309000,- - Otros,0,0,0,0,0,1491.04,0,0,72,0,0,72.260000000000005,0,310.55000000000001,0,0,0,0,0,0,81,706559.33999999997,1270097.5800000001
Taiwan, 1008900000,- Los demás cereales,0,0,0,0,0,0,0,0,0,0,20.629999999999999,0,0,0,0,0,0,0,0,0,0,0,0
India, 1006200000,- Arroz descascarillado (arroz cargo o arroz pardo),0,0,0,0,0,0,0,0,0,0,0,0,0,0,0,0,0,0,0,0,0,0,153.84999999999999
India, 1006309000,- - Otros,0,0,0,0,0,0,0,0,0,0,0,0,0,0,0,8.1099999999999994,0,0,11561.299999999999,32075.610000000001,0,3254.5,0
India, 1007100000,- Para siembra,0,0,0,0,0,0,0,56.68,0,0,0,0,0,0,0,0,101.02,0,0,0,0,0,0
India, 1008500000,- Quinua (quinoa) (Chenopodium quinoa),0,0,0,0,0,0,0,0,0,0,0,0,0,0,0,0,0,0,0,0,0,0,125.83
Indonesia, 1006309000,- - Otros,0,0,0,0,0,0,0,148.47,0,0,0,0,0,0,0,0,0,0,0,0,0,0,0
Japon, 1005909000,- - Otros,0,0,0,0,0,12,0,0,0,0,0,0,0,0,0,0,0,0,0,0,0,0,0
Japon, 1006200000,- Arroz descascarillado (arroz cargo o arroz pardo),0,0,0,0,0,0,0,0,0,0,0,365.24000000000001,0,0,0,0,0,0,0,0,0,0,0
Japon, 1006309000,- - Otros,0,0,0,0,0,0,0,0,0,0,0,0,0,0,0,102.23999999999999,0,0,0,0,0,0,0
Japon, 1008900000,- Los demás cereales,0,0,0,0,0,0,0,0,0,0,0,0,0,0,189.13999999999999,0,0,0,0,0,0,0,0
Paquistan, 1006309000,- - Otros,0,0,0,0,0,0,0,0,0,0,0,0,0,0,0,0,0,0,0,0,0,7467.3999999999996,0
Tailandia, 1005100000,- Para siembra,0,0,0,0,0,0,0,0,0,0,0,0,0,0,0,0,714,1478.46,3023.1999999999998,1392.1400000000001,4466,9023.1800000000003,0
Tailandia, 1005901000,- - Maíz tipo "pop" (Zea mays everta),,0,0,0,0,0,0,0,0,0,0,0,0,0,0,0,0,0,0,0,0,0,14007
Tailandia, 1006200000,- Arroz descascarillado (arroz cargo o arroz pardo),0,0,0,0,0,0,0,0,0,0,0,0,0,0,0,0,0,0,0,0,0,5.29,0
Turquia, 1005901000,- - Maíz tipo "pop" (Zea mays everta),,0,0,0,0,0,0,194.06999999999999,0,0,0,0,0,0,0,0,0,0,0,0,0,0,0
Turquia, 1008300000,- Alpiste,0,0,0,0,0,0,0,58.090000000000003,0,0,0,0,0,0,0,0,0,0,0,0,0,0,0
Viet-Nam, 1005901000,- - Maíz tipo "pop" (Zea mays everta),,0,0,0,0,0,0,0,0,1663.45,0,0,0,0,0,0,0,0,0,0,0,0,0
Viet-Nam, 1006200000,- Arroz descascarillado (arroz cargo o arroz pardo),143399,0,0,0,0,0,0,0,0,0,0,0,0,0,0,0,0,0,0,0,0,0,0
Viet-Nam, 1006309000,- - Otros,196625,0,39679,0,0,0,0,0,0,0,0,0,0,0,0,0,0,0,0,0,0,0,0
Viet-Nam, 1008300000,- Alpiste,0,0,0,0,0,0,0,0,0,3222.9400000000001,0,0,0,0,0,0,0,0,0,0,0,0,0
Ucrania, 1001110000,- - Para siembra,0,0,0,0,0,0,0,0,0,4229642.2400000002,5619.6599999999999,6571.1599999999999,0,0,0,0,0,0,0,0,0,0,0
Camerun, 1005909000,- - Otros,0,0,0,0,0,0,0,0,0,0,0,0,0,0,0,0,0,0,0,80.579999999999998,0,0,0
Egipto, 1005100000,- Para siembra,0,0,0,0,0,0,0,0,0,0,0,0,0,135.15000000000001,0,0,0,0,0,0,0,0,0
Sud-Africa, 1005903000,- - Maíz blanco,0,4541496,0,0,1093271,0,0,0,0,0,0,0,0,0,0,0,0,0,0,0,0,0,0
Australia, 1004900000,- Los demás,0,0,0,0,0,0,0,0,0,0,0,6773.1400000000003,0,0,0,0,0,0,0,0,0,0,0
Australia, 1005100000,- Para siembra,0,0,0,0,0,0,0,0,0,0,0,0,0,0,0,10517.059999999999,4627.6000000000004,7547.6400000000003,2891.1700000000001,0,0,0,0
Australia, 1006101000,- - Para siembra,0,0,0,0,0,0,0,0,0,0,0,0,0,0,0,0,0,0,0,0,0,28.039999999999999,0
Australia, 1006309000,- - Otros,0,0,0,0,296478,0,754593,0,0,0,0,0,0,0,0,0,0,0,0,0,0,0,0
Australia, 1007100000,- Para siembra,0,0,0,0,0,0,0,0,0,0,0,1322.21,0,0,0,2011.03,0,0,0,0,0,0,0
Otros Paises, 1005903000,- - Maíz blanco,0,0,0,0,0,0,0,0,0,0,0,190822.92000000001,0,0,0,0,0,0,0,0,0,0,0
Otros Paises, 1006200000,- Arroz descascarillado (arroz cargo o arroz pardo),0,316.86000000000001,0,0,0,0,0,0,0,0,0,0,0,0,0,0,0,0,0,0,0,0,0
totales,,,77023021.340000004,70497224.799999997,90946849.480000004,101617070.89,87993018.560000002,93793890.739999995,96083883.950000003,104020997.86,103022410.19,118247935.05,140210094.81999999,132878962.97,162187311.59999999,225082349.84999999,308494887.88999999,223238810.61000001,214442401.62,336665907.75,287375969.52999997,225557997.36000001,235085065.15000001,243719638.36000001,250875344.31999999
